 132
   400.0    -0.5     0.5000     0.5000
   400.0    -0.5     0.5000     0.5000
   400.0    -0.5     0.5000     0.5000
   400.0    -0.5     0.5000     0.5000
   400.0    -0.5     0.5000     0.5000
   400.0    -0.5     0.5000     0.5000
   400.0    -0.5     0.5000     0.5000
   400.0    -0.5     0.5000     0.5000
   400.0    -0.5     0.5000     0.5000
   400.0    -0.5     0.5000     0.5000
   400.0    -0.5     0.5000     0.5000
   400.0    -0.5     0.5000     0.5000
   400.0    -0.5     0.5000     0.5000
   400.0    -0.5     0.5000     0.5000
   400.0    -0.5     0.5000     0.5000
   400.0    -0.5     0.5000     0.5000
   400.0    -0.5     0.5000     0.5000
   400.0    -0.5     0.5000     0.5000
   400.0    -0.5     0.5000     0.5000
   400.0    -0.5     0.5000     0.5000
   400.0    -0.5     0.5000     0.5000
   400.0    -0.5     0.5000     0.5000
   400.0    -0.5     0.5000     0.5000
   400.0    -0.5     0.5000     0.5000
   400.0    -0.5     0.5000     0.5000
   400.0    -0.5     0.5000     0.5000
   400.0    -0.5     0.5000     0.5000
   400.0    -0.5     0.5000     0.5000
   400.0    -0.5     0.5000     0.5000
   400.0    -0.5     0.5000     0.5000
   400.0    -0.5     0.5000     0.5000
   400.0    -0.5     0.5000     0.5000
   400.0    -0.5     0.5000     0.5000
   400.0    -0.5     0.5000     0.5000
   400.0    -0.5     0.5000     0.5000
   400.0    -0.5     0.5000     0.5000
   400.0    -0.5     0.5000     0.5000
   400.0    -0.5     0.5000     0.5000
   400.0    -0.5     0.5000     0.5000
   400.0    -0.5     0.5000     0.5000
   400.0    -0.5     0.5000     0.5000
   400.0    -0.5     0.5000     0.5000
   400.0    -0.5     0.5000     0.5000
   400.0    -0.5     0.5000     0.5000
   400.0    -0.5     0.5000     0.5000
   400.0    -0.5     0.5000     0.5000
   400.0    -0.5     0.5000     0.5000
   400.0    -0.5     0.5000     0.5000
   400.0    -0.5     0.5000     0.5000
   404.2    -0.5     0.5000     0.5000
   409.7    -0.5     0.5000     0.5000
   417.8    -0.5     0.5000     0.5000
   428.5    -0.5     0.5000     0.5000
   440.4    -0.5     0.5000     0.5000
   451.8    -0.5     0.5000     0.5000
   461.3    -0.5     0.5000     0.5000
   468.3    -0.5     0.5000     0.5000
   473.6    -0.5     0.5000     0.5000
   478.3    -0.5     0.5000     0.5000
   483.0    -0.5     0.5000     0.5000
   488.2    -0.5     0.5000     0.5000
   494.3    -0.5     0.5000     0.5000
   501.5    -0.5     0.5000     0.5000
   510.9    -0.5     0.5000     0.5000
   525.1    -0.5     0.5000     0.5000
   546.5    -0.5     0.5000     0.5000
   575.6    -0.5     0.5000     0.5000
   608.4    -0.5     0.5000     0.5000
   639.6    -0.5     0.5000     0.5000
   665.4    -0.5     0.5000     0.5000
   684.3    -0.5     0.5000     0.5000
   696.4    -0.5     0.5000     0.5000
   701.8    -0.5     0.5000     0.5000
   702.3    -0.5     0.5000     0.5000
   700.8    -0.5     0.5000     0.5000
   699.6    -0.5     0.5000     0.5000
   699.5    -0.5     0.5000     0.5000
   699.8    -0.5     0.5000     0.5000
   700.1    -0.5     0.5000     0.5000
   700.1    -0.5     0.5000     0.5000
   700.0    -0.5     0.5000     0.5000
   700.0    -0.5     0.5000     0.5000
   700.0    -0.5     0.5000     0.5000
   700.0    -0.5     0.5000     0.5000
   700.0    -0.5     0.5000     0.5000
   700.0    -0.5     0.5000     0.5000
   700.0    -0.5     0.5000     0.5000
   700.0    -0.5     0.5000     0.5000
   700.0    -0.5     0.5000     0.5000
   700.0    -0.5     0.5000     0.5000
   700.0    -0.5     0.5000     0.5000
   700.0    -0.5     0.5000     0.5000
   700.0    -0.5     0.5000     0.5000
   700.0    -0.5     0.5000     0.5000
   700.0    -0.5     0.5000     0.5000
   700.0    -0.5     0.5000     0.5000
   700.0    -0.5     0.5000     0.5000
   700.0    -0.5     0.5000     0.5000
   700.0    -0.5     0.5000     0.5000
   700.0    -0.5     0.5000     0.5000
   756.0    -0.5     0.5000     0.5000
   811.0    -0.5     0.5000     0.5000
   844.0    -0.5     0.5001     0.4999
   849.0    -0.5     0.4998     0.5002
   847.0    -0.5     0.4998     0.5002
   869.0    -0.5     0.5008     0.4992
   903.0    -0.5     0.4997     0.5003
   933.0    -0.5     0.4977     0.5023
   970.0    -0.5     0.5069     0.4931
  1000.0    -0.5     0.5479     0.4521
  1002.0    -0.5     0.6282     0.3718
  1002.0    -0.5     0.7046     0.2954
  1000.0    -0.5     0.7635     0.2365
  1000.0    -0.5     0.8150     0.1850
  1000.0    -0.5     0.8625     0.1375
  1000.0    -0.5     0.9053     0.0947
  1000.0    -0.5     0.9437     0.0563
  1000.0    -0.5     0.9766     0.0234
  1079.0    -0.5     0.9973     0.0027
  1100.0    -0.5     0.9997     0.0003
  1100.0    -0.5     0.9998     0.0002
  1150.0    -0.5     1.0000     0.0000
  1200.0    -0.5     1.0000     0.0000
  1200.0    -0.5     1.0000     0.0000
  1200.0    -0.5     1.0000     0.0000
  1258.0    -0.5     1.0000     0.0000
  1300.0    -0.5     1.0000     0.0000
  1300.0    -0.5     1.0000     0.0000
  1300.0    -0.5     1.0000     0.0000
  1300.0    -0.5     1.0000     0.0000
  1300.0    -0.5     1.0000     0.0000
  1300.0    -0.5     1.0000     0.0000
