  72
   400.0    -0.5     0.5000     0.5000
   400.0    -0.5     0.5000     0.5000
   400.0    -0.5     0.5000     0.5000
   400.0    -0.5     0.5000     0.5000
   400.0    -0.5     0.5000     0.5000
   400.0    -0.5     0.5000     0.5000
   400.0    -0.5     0.5000     0.5000
   400.0    -0.5     0.5000     0.5000
   400.0    -0.5     0.5000     0.5000
   400.0    -0.5     0.5000     0.5000
   400.0    -0.5     0.5000     0.5000
   400.0    -0.5     0.5000     0.5000
   400.0    -0.5     0.5000     0.5000
   400.0    -0.5     0.5000     0.5000
   400.0    -0.5     0.5000     0.5000
   400.0    -0.5     0.5000     0.5000
   400.0    -0.5     0.5000     0.5000
   400.0    -0.5     0.5000     0.5000
   400.0    -0.5     0.5000     0.5000
   400.0    -0.5     0.5000     0.5000
   400.0    -0.5     0.5000     0.5000
   400.0    -0.5     0.5000     0.5000
   400.0    -0.5     0.5000     0.5000
   400.0    -0.5     0.5000     0.5000
   400.0    -0.5     0.5000     0.5000
   400.0    -0.5     0.5000     0.5000
   400.0    -0.5     0.5000     0.5000
   400.0    -0.5     0.5000     0.5000
   420.0    -0.5     0.5000     0.5000
   460.0    -0.5     0.5000     0.5000
   480.0    -0.5     0.5000     0.5000
   500.0    -0.5     0.5000     0.5000
   550.0    -0.5     0.5000     0.5000
   650.0    -0.5     0.5000     0.5000
   700.0    -0.5     0.5000     0.5000
   700.0    -0.5     0.5000     0.5000
   700.0    -0.5     0.5000     0.5000
   700.0    -0.5     0.5000     0.5000
   700.0    -0.5     0.5000     0.5000
   700.0    -0.5     0.5000     0.5000
   700.0    -0.5     0.5000     0.5000
   700.0    -0.5     0.5000     0.5000
   700.0    -0.5     0.5000     0.5000
   700.0    -0.5     0.5000     0.5000
   700.0    -0.5     0.5000     0.5000
   700.0    -0.5     0.5000     0.5000
   800.0    -0.5     0.5000     0.5000
   850.0    -0.5     0.5000     0.5000
   850.0    -0.5     0.5000     0.5000
   900.0    -0.5     0.5000     0.5000
   950.0    -0.5     0.5000     0.5000
  1000.0    -0.5     0.5500     0.4500
  1000.0    -0.5     0.6700     0.3300
  1000.0    -0.5     0.7600     0.2400
  1000.0    -0.5     0.8300     0.1700
  1000.0    -0.5     0.8900     0.1100
  1000.0    -0.5     0.9400     0.0600
  1000.0    -0.5     0.9800     0.0200
  1100.0    -0.5     1.0000     0.0000
  1100.0    -0.5     1.0000     0.0000
  1100.0    -0.5     1.0000     0.0000
  1200.0    -0.5     1.0000     0.0000
  1200.0    -0.5     1.0000     0.0000
  1200.0    -0.5     1.0000     0.0000
  1200.0    -0.5     1.0000     0.0000
  1300.0    -0.5     1.0000     0.0000
  1300.0    -0.5     1.0000     0.0000
  1300.0    -0.5     1.0000     0.0000
  1300.0    -0.5     1.0000     0.0000
  1300.0    -0.5     1.0000     0.0000
  1300.0    -0.5     1.0000     0.0000
  1300.0    -0.5     1.0000     0.0000
