  72
   400.0    -0.5
   400.0    -0.5
   400.0    -0.5
   400.0    -0.5
   400.0    -0.5
   400.0    -0.5
   400.0    -0.5
   400.0    -0.5
   400.0    -0.5
   400.0    -0.5
   400.0    -0.5
   400.0    -0.5
   400.0    -0.5
   400.0    -0.5
   400.0    -0.5
   400.0    -0.5
   400.0    -0.5
   400.0    -0.5
   400.0    -0.5
   400.0    -0.5
   400.0    -0.5 
   400.0    -0.5
   400.0    -0.5
   400.0    -0.5
   400.0    -0.5
   400.0    -0.5
   400.0    -0.5
   400.0    -0.5
   420.0    -0.5
   460.0    -0.5
   480.0    -0.5
   500.0    -0.5
   550.0    -0.5
   650.0    -0.5
   700.0    -0.5
   700.0    -0.5
   700.0    -0.5
   700.0    -0.5
   700.0    -0.5
   700.0    -0.5
   700.0    -0.5
   700.0    -0.5
   700.0    -0.5
   700.0    -0.5
   700.0    -0.5
   700.0    -0.5
   800.0    -0.5
   850.0    -0.5
   850.0    -0.5
   900.0    -0.5
   950.0    -0.5
  1000.0    -0.5
  1000.0    -0.5
  1000.0    -0.5
  1000.0    -0.5
  1000.0    -0.5
  1000.0    -0.5
  1100.0    -0.5
  1100.0    -0.5
  1100.0    -0.5
  1200.0    -0.5
  1200.0    -0.5
  1200.0    -0.5
  1200.0    -0.5
  1200.0    -0.5
  1300.0    -0.5
  1300.0    -0.5
  1300.0    -0.5
  1300.0    -0.5
  1300.0    -0.5
  1300.0    -0.5
  1300.0    -0.5
