 91 
  400.0   -0.5    0.5000    0.5000
  400.0   -0.5    0.5000    0.5000
  400.0   -0.5    0.5000    0.5000
  400.0   -0.5    0.5000    0.5000
  400.0   -0.5    0.5000    0.5000
  400.0   -0.5    0.5000    0.5000
  400.0   -0.5    0.5000    0.5000
  400.0   -0.5    0.5000    0.5000
  400.0   -0.5    0.5000    0.5000
  400.0   -0.5    0.5000    0.5000
  400.0   -0.5    0.5000    0.5000
  400.0   -0.5    0.5000    0.5000
  400.0   -0.5    0.5000    0.5000
  400.0   -0.5    0.5000    0.5000
  400.0   -0.5    0.5000    0.5000
  400.0   -0.5    0.5000    0.5000
  400.0   -0.5    0.5000    0.5000
  400.0   -0.5    0.5000    0.5000
  400.0   -0.5    0.5000    0.5000
  400.0   -0.5    0.5000    0.5000
  400.0   -0.5    0.5000    0.5000
  400.0   -0.5    0.5000    0.5000
  400.0   -0.5    0.5000    0.5000
  400.0   -0.5    0.5000    0.5000
  400.0   -0.5    0.5000    0.5000
  400.0   -0.5    0.5000    0.5000
  400.0   -0.5    0.5000    0.5000
  400.2   -0.5    0.5000    0.5000
  400.0   -0.5    0.5000    0.5000
  400.0   -0.5    0.5000    0.5000
  403.1   -0.5    0.5000    0.5000
  412.6   -0.5    0.5000    0.5000
  429.2   -0.5    0.5000    0.5000
  448.7   -0.5    0.5000    0.5000
  464.0   -0.5    0.5000    0.5000
  473.6   -0.5    0.5000    0.5000
  481.2   -0.5    0.5000    0.5000
  489.7   -0.5    0.5000    0.5000
  500.5   -0.5    0.5000    0.5000
  517.0   -0.5    0.5000    0.5000
  548.4   -0.5    0.5000    0.5000
  597.4   -0.5    0.5000    0.5000
  646.7   -0.5    0.5000    0.5000
  681.0   -0.5    0.5000    0.5000
  699.0   -0.5    0.5000    0.5000
  700.0   -0.5    0.5000    0.5000
  700.0   -0.5    0.5000    0.5000
  700.0   -0.5    0.5000    0.5000
  700.0   -0.5    0.5000    0.5000
  700.0   -0.5    0.5000    0.5000
  700.0   -0.5    0.5000    0.5000
  700.0   -0.5    0.5000    0.5000
  700.0   -0.5    0.5000    0.5000
  700.0   -0.5    0.5000    0.5000
  700.0   -0.5    0.5000    0.5000
  700.0   -0.5    0.5000    0.5000
  700.0   -0.5    0.5000    0.5000
  700.0   -0.5    0.5000    0.5000
  700.0   -0.5    0.5000    0.5000
  700.0   -0.5    0.5000    0.5000
  700.0   -0.5    0.5000    0.5000
  700.0   -0.5    0.5000    0.5000
  710.0   -0.5    0.5000    0.5000
  719.8   -0.5    0.5000    0.5000
  798.4   -0.5    0.5000    0.5000
  845.7   -0.5    0.5001    0.4999
  846.6   -0.5    0.5005    0.4995
  862.3   -0.5    0.5016    0.4984
  905.9   -0.5    0.5100    0.4900
  946.7   -0.5    0.5200    0.4800
  993.5   -0.5    0.5311    0.4689
 1000.0   -0.5    0.6272    0.3728
 1000.0   -0.5    0.7210    0.2790
 1000.0   -0.5    0.7906    0.2094
 1000.0   -0.5    0.8513    0.1487
 1003.4   -0.5    0.9047    0.0953
 1010.1   -0.5    0.9508    0.0492
 1021.7   -0.5    0.9867    0.0133
 1109.9   -0.5    0.9900    0.0100
 1088.6   -0.5    0.9998    0.0002
 1136.8   -0.5    1.0000    0.0000
 1204.5   -0.5    1.0000    0.0000
 1205.4   -0.5    1.0000    0.0000
 1183.8   -0.5    1.0000    0.0000
 1288.6   -0.5    1.0000    0.0000
 1300.0   -0.5    1.0000    0.0000
 1300.0   -0.5    1.0000    0.0000
 1300.0   -0.5    1.0000    0.0000
 1300.0   -0.5    1.0000    0.0000
 1300.0   -0.5    1.0000    0.0000
 1300.0   -0.5    1.0000    0.0000
