 181 
  240.0   -0.5    0.5000    0.5000
  240.0   -0.5    0.5000    0.5000
  240.0   -0.5    0.5000    0.5000
  240.0   -0.5    0.5000    0.5000
  240.0   -0.5    0.5000    0.5000
  240.0   -0.5    0.5000    0.5000
  240.0   -0.5    0.5000    0.5000
  240.0   -0.5    0.5000    0.5000
  240.0   -0.5    0.5000    0.5000
  240.0   -0.5    0.5000    0.5000
  240.0   -0.5    0.5000    0.5000
  240.0   -0.5    0.5000    0.5000
  240.0   -0.5    0.5000    0.5000
  240.0   -0.5    0.5000    0.5000
  240.0   -0.5    0.5000    0.5000
  240.0   -0.5    0.5000    0.5000
  240.0   -0.5    0.5000    0.5000
  240.0   -0.5    0.5000    0.5000
  240.0   -0.5    0.5000    0.5000
  240.0   -0.5    0.5000    0.5000
  240.0   -0.5    0.5000    0.5000
  240.0   -0.5    0.5000    0.5000
  240.0   -0.5    0.5000    0.5000
  240.0   -0.5    0.5000    0.5000
  240.0   -0.5    0.5000    0.5000
  240.0   -0.5    0.5000    0.5000
  240.0   -0.5    0.5000    0.5000
  240.0   -0.5    0.5000    0.5000
  240.0   -0.5    0.5000    0.5000
  240.0   -0.5    0.5000    0.5000
  240.0   -0.5    0.5000    0.5000
  240.0   -0.5    0.5000    0.5000
  240.0   -0.5    0.5000    0.5000
  240.0   -0.5    0.5000    0.5000
  240.0   -0.5    0.5000    0.5000
  240.0   -0.5    0.5000    0.5000
  240.0   -0.5    0.5000    0.5000
  240.0   -0.5    0.5000    0.5000
  240.0   -0.5    0.5000    0.5000
  240.0   -0.5    0.5000    0.5000
  240.0   -0.5    0.5000    0.5000
  240.0   -0.5    0.5000    0.5000
  240.0   -0.5    0.5000    0.5000
  240.0   -0.5    0.5000    0.5000
  240.0   -0.5    0.5000    0.5000
  240.0   -0.5    0.5000    0.5000
  240.0   -0.5    0.5000    0.5000
  240.0   -0.5    0.5000    0.5000
  240.0   -0.5    0.5000    0.5000
  240.0   -0.5    0.5000    0.5000
  240.0   -0.5    0.5000    0.5000
  240.0   -0.5    0.5000    0.5000
  240.0   -0.5    0.5000    0.5000
  240.0   -0.5    0.5000    0.5000
  240.0   -0.5    0.5000    0.5000
  240.0   -0.5    0.5000    0.5000
  239.5   -0.5    0.5000    0.5000
  239.6   -0.5    0.5000    0.5000
  239.8   -0.5    0.5000    0.5000
  240.2   -0.5    0.5000    0.5000
  241.6   -0.5    0.5000    0.5000
  243.8   -0.5    0.5000    0.5000
  247.0   -0.5    0.5000    0.5000
  251.3   -0.5    0.5000    0.5000
  256.7   -0.5    0.5000    0.5000
  262.7   -0.5    0.5000    0.5000
  268.5   -0.5    0.5000    0.5000
  273.8   -0.5    0.5000    0.5000
  278.0   -0.5    0.5000    0.5000
  281.3   -0.5    0.5000    0.5000
  283.9   -0.5    0.5000    0.5000
  286.3   -0.5    0.5000    0.5000
  288.5   -0.5    0.5000    0.5000
  290.9   -0.5    0.5000    0.5000
  293.6   -0.5    0.5000    0.5000
  296.6   -0.5    0.5000    0.5000
  300.1   -0.5    0.5000    0.5000
  304.2   -0.5    0.5000    0.5000
  309.8   -0.5    0.5000    0.5000
  317.7   -0.5    0.5000    0.5000
  328.5   -0.5    0.5000    0.5000
  342.4   -0.5    0.5000    0.5000
  358.0   -0.5    0.5000    0.5000
  373.5   -0.5    0.5000    0.5000
  387.8   -0.5    0.5000    0.5000
  399.6   -0.5    0.5000    0.5000
  408.8   -0.5    0.5000    0.5000
  415.5   -0.5    0.5000    0.5000
  419.6   -0.5    0.5000    0.5000
  421.3   -0.5    0.5000    0.5000
  421.4   -0.5    0.5000    0.5000
  420.0   -0.5    0.5000    0.5000
  420.8   -0.5    0.5000    0.5000
  419.7   -0.5    0.5000    0.5000
  419.7   -0.5    0.5000    0.5000
  419.9   -0.5    0.5000    0.5000
  420.0   -0.5    0.5000    0.5000
  420.0   -0.5    0.5000    0.5000
  420.0   -0.5    0.5000    0.5000
  420.0   -0.5    0.5000    0.5000
  420.0   -0.5    0.5000    0.5000
  420.0   -0.5    0.5000    0.5000
  420.0   -0.5    0.5000    0.5000
  420.0   -0.5    0.5000    0.5000
  420.0   -0.5    0.5000    0.5000
  420.0   -0.5    0.5000    0.5000
  420.0   -0.5    0.5000    0.5000
  420.0   -0.5    0.5000    0.5000
  420.0   -0.5    0.5000    0.5000
  420.0   -0.5    0.5000    0.5000
  420.0   -0.5    0.5000    0.5000
  419.0   -0.5    0.5000    0.5000
  419.0   -0.5    0.5000    0.5000
  420.0   -0.5    0.5000    0.5000
  420.0   -0.5    0.5000    0.5000
  420.0   -0.5    0.5000    0.5000
  420.0   -0.5    0.5000    0.5000
  419.0   -0.5    0.5000    0.5000
  419.0   -0.5    0.5000    0.5000
  419.0   -0.5    0.5000    0.5000
  421.0   -0.5    0.5000    0.5000
  422.4   -0.5    0.5000    0.5000
  421.2   -0.5    0.5000    0.5000
  416.0   -0.5    0.5000    0.5000
  416.0   -0.5    0.5000    0.5000
  418.5   -0.5    0.5000    0.5000
  436.7   -0.5    0.5000    0.5000
  461.0   -0.5    0.5000    0.5000
  483.8   -0.5    0.5000    0.5000
  500.1   -0.5    0.5001    0.4999
  508.8   -0.5    0.5001    0.4999
  509.6   -0.5    0.5003    0.4997
  507.6   -0.5    0.5005    0.4995
  510.3   -0.5    0.5006    0.4994
  520.7   -0.5    0.5007    0.4993
  534.3   -0.5    0.5008    0.4992
  546.8   -0.5    0.5010    0.4990
  558.6   -0.5    0.5015    0.4985
  572.3   -0.5    0.5020    0.4980
  587.6   -0.5    0.5132    0.4868
  598.7   -0.5    0.5417    0.4583
  600.0   -0.5    0.5894    0.4106
  600.0   -0.5    0.6442    0.3558
  600.0   -0.5    0.6931    0.3069
  600.0   -0.5    0.7334    0.2666
  600.0   -0.5    0.7688    0.2312
  600.0   -0.5    0.8014    0.1986
  600.0   -0.5    0.8322    0.1678
  600.0   -0.5    0.8613    0.1387
  600.0   -0.5    0.8885    0.1115
  600.0   -0.5    0.9136    0.0864
  600.0   -0.5    0.9369    0.0631
  600.0   -0.5    0.9587    0.0413
  600.0   -0.5    0.9774    0.0226
  626.6   -0.5    0.9915    0.0085
  657.2   -0.5    0.9995    0.0005
  667.5   -0.5    0.9999    0.0001
  660.9   -0.5    1.0000    0.0000
  649.8   -0.5    1.0000    0.0000
  661.2   -0.5    1.0000    0.0000
  698.7   -0.5    1.0000    0.0000
  722.0   -0.5    1.0000    0.0000
  721.1   -0.5    1.0000    0.0000
  721.3   -0.5    1.0000    0.0000
  722.3   -0.5    1.0000    0.0000
  712.8   -0.5    1.0000    0.0000
  716.8   -0.5    1.0000    0.0000
  755.0   -0.5    1.0000    0.0000
  782.3   -0.5    1.0000    0.0000
  782.1   -0.5    1.0000    0.0000
  779.3   -0.5    1.0000    0.0000
  779.9   -0.5    1.0000    0.0000
  780.0   -0.5    1.0000    0.0000
  780.0   -0.5    1.0000    0.0000
  780.0   -0.5    1.0000    0.0000
  780.0   -0.5    1.0000    0.0000
  780.0   -0.5    1.0000    0.0000
  780.0   -0.5    1.0000    0.0000
  780.0   -0.5    1.0000    0.0000
  780.0   -0.5    1.0000    0.0000
  780.0   -0.5    1.0000    0.0000
