! For mls data, pressure and obs errors are pulled from bufr, so not listed here
! sens/instr/sat lev  use pressure gross   obs    b_oz  pg_oz
!                                  error  error variational qc
 sbuv2_n07        1    1    0.240  1.000  1.000 10.000  0.000
 sbuv2_n07        2    1    0.490  1.000  1.000 10.000  0.000
 sbuv2_n07        3    1    0.980  1.000  1.000 10.000  0.000
 sbuv2_n07        4    1    1.950  1.000  1.000 10.000  0.000
 sbuv2_n07        5    1    3.900  2.000  1.000 10.000  0.000
 sbuv2_n07        6    1    7.800  3.000  1.414 10.000  0.000
 sbuv2_n07        7    1   15.600  5.000  1.225 10.000  0.000
 sbuv2_n07        8    1   31.000  7.000  1.225 10.000  0.000
 sbuv2_n07        9    1   62.000  7.000  1.871 10.000  0.000
 sbuv2_n07       10    1  125.000  5.000  1.871 10.000  0.000
 sbuv2_n07       11    1  250.000  3.000  1.732 10.000  0.000
 sbuv2_n07       12    1 1000.000  3.000  1.414 10.000  0.000
 sbuv2_n07       13    1    0.000 12.000  2.236 10.000  0.000
 sbuv2_n09        1    1    0.240  1.000  1.000 10.000  0.000
 sbuv2_n09        2    1    0.490  1.000  1.000 10.000  0.000
 sbuv2_n09        3    1    0.980  1.000  1.000 10.000  0.000
 sbuv2_n09        4    1    1.950  1.000  1.000 10.000  0.000
 sbuv2_n09        5    1    3.900  2.000  1.000 10.000  0.000
 sbuv2_n09        6    1    7.800  3.000  1.414 10.000  0.000
 sbuv2_n09        7    1   15.600  5.000  1.225 10.000  0.000
 sbuv2_n09        8    1   31.000  7.000  1.225 10.000  0.000
 sbuv2_n09        9    1   62.000  7.000  1.871 10.000  0.000
 sbuv2_n09       10    1  125.000  5.000  1.871 10.000  0.000
 sbuv2_n09       11    1  250.000  3.000  1.732 10.000  0.000
 sbuv2_n09       12    1 1000.000  3.000  1.414 10.000  0.000
 sbuv2_n09       13    1    0.000 12.000  2.236 10.000  0.000
 sbuv2_n11        1    1    0.240  1.000  1.000 10.000  0.000
 sbuv2_n11        2    1    0.490  1.000  1.000 10.000  0.000
 sbuv2_n11        3    1    0.980  1.000  1.000 10.000  0.000
 sbuv2_n11        4    1    1.950  1.000  1.000 10.000  0.000
 sbuv2_n11        5    1    3.900  2.000  1.000 10.000  0.000
 sbuv2_n11        6    1    7.800  3.000  1.414 10.000  0.000
 sbuv2_n11        7    1   15.600  5.000  1.225 10.000  0.000
 sbuv2_n11        8    1   31.000  7.000  1.225 10.000  0.000
 sbuv2_n11        9    1   62.000  7.000  1.871 10.000  0.000
 sbuv2_n11       10    1  125.000  5.000  1.871 10.000  0.000
 sbuv2_n11       11    1  250.000  3.000  1.732 10.000  0.000
 sbuv2_n11       12    1 1000.000  3.000  1.414 10.000  0.000
 sbuv2_n11       13    1    0.000 12.000  2.236 10.000  0.000
 sbuv2_n14        1    1    0.240  1.000  1.000 10.000  0.000
 sbuv2_n14        2    1    0.490  1.000  1.000 10.000  0.000
 sbuv2_n14        3    1    0.980  1.000  1.000 10.000  0.000
 sbuv2_n14        4    1    1.950  1.000  1.000 10.000  0.000
 sbuv2_n14        5    1    3.900  2.000  1.000 10.000  0.000
 sbuv2_n14        6    1    7.800  3.000  1.414 10.000  0.000
 sbuv2_n14        7    1   15.600  5.000  1.225 10.000  0.000
 sbuv2_n14        8    1   31.000  7.000  1.225 10.000  0.000
 sbuv2_n14        9    1   62.000  7.000  1.871 10.000  0.000
 sbuv2_n14       10    1  125.000  5.000  1.871 10.000  0.000
 sbuv2_n14       11    1  250.000  3.000  1.732 10.000  0.000
 sbuv2_n14       12    1 1000.000  3.000  1.414 10.000  0.000
 sbuv2_n14       13    1    0.000 12.000  2.236 10.000  0.000
 sbuv2_n16        1    1    0.240  1.000  1.000 10.000  0.000
 sbuv2_n16        2    1    0.490  1.000  1.000 10.000  0.000
 sbuv2_n16        3    1    0.980  1.000  1.000 10.000  0.000
 sbuv2_n16        4    1    1.950  1.000  1.000 10.000  0.000
 sbuv2_n16        5    1    3.900  2.000  1.000 10.000  0.000
 sbuv2_n16        6    1    7.800  3.000  1.414 10.000  0.000
 sbuv2_n16        7    1   15.600  5.000  1.225 10.000  0.000
 sbuv2_n16        8    1   31.000  7.000  1.225 10.000  0.000
 sbuv2_n16        9    1   62.000  7.000  1.871 10.000  0.000
 sbuv2_n16       10    1  125.000  5.000  1.871 10.000  0.000
 sbuv2_n16       11    1  250.000  3.000  1.732 10.000  0.000
 sbuv2_n16       12    1 1000.000  3.000  1.414 10.000  0.000
 sbuv2_n16       13    1    0.000 12.000  2.236 10.000  0.000
 sbuv2_n17        1    1    0.240  1.000  1.000 10.000  0.000
 sbuv2_n17        2    1    0.490  1.000  1.000 10.000  0.000
 sbuv2_n17        3    1    0.980  1.000  1.000 10.000  0.000
 sbuv2_n17        4    1    1.950  1.000  1.000 10.000  0.000
 sbuv2_n17        5    1    3.900  2.000  1.000 10.000  0.000
 sbuv2_n17        6    1    7.800  3.000  1.414 10.000  0.000
 sbuv2_n17        7    1   15.600  5.000  1.225 10.000  0.000
 sbuv2_n17        8    1   31.000  7.000  1.225 10.000  0.000
 sbuv2_n17        9    1   62.000  7.000  1.871 10.000  0.000
 sbuv2_n17       10    1  125.000  5.000  1.871 10.000  0.000
 sbuv2_n17       11    1  250.000  3.000  1.732 10.000  0.000
 sbuv2_n17       12    1 1000.000  3.000  1.414 10.000  0.000
 sbuv2_n17       13    1    0.000 12.000  2.236 10.000  0.000
 sbuv2_n18        1   -1    0.240  1.000  1.000 10.000  0.000
 sbuv2_n18        2   -1    0.490  1.000  1.000 10.000  0.000
 sbuv2_n18        3   -1    0.980  1.000  1.000 10.000  0.000
 sbuv2_n18        4   -1    1.950  1.000  1.000 10.000  0.000
 sbuv2_n18        5   -1    3.900  2.000  1.000 10.000  0.000
 sbuv2_n18        6   -1    7.800  3.000  1.414 10.000  0.000
 sbuv2_n18        7   -1   15.600  5.000  1.225 10.000  0.000
 sbuv2_n18        8   -1   31.000  7.000  1.225 10.000  0.000
 sbuv2_n18        9   -1   62.000  7.000  1.871 10.000  0.000
 sbuv2_n18       10   -1  125.000  5.000  1.871 10.000  0.000
 sbuv2_n18       11   -1  250.000  3.000  1.732 10.000  0.000
 sbuv2_n18       12   -1 1000.000  3.000  1.414 10.000  0.000
 sbuv2_n18       13   -1    0.000 12.000  2.236 10.000  0.000
 sbuv6_n14        1   -1    0.240  1.000  1.000 10.000  0.000
 sbuv6_n14        2   -1    0.490  1.000  1.000 10.000  0.000
 sbuv6_n14        3   -1    0.980  1.000  1.000 10.000  0.000
 sbuv6_n14        4   -1    1.950  1.000  1.000 10.000  0.000
 sbuv6_n14        5   -1    3.900  2.000  1.000 10.000  0.000
 sbuv6_n14        6   -1    7.800  3.000  1.414 10.000  0.000
 sbuv6_n14        7   -1   15.600  5.000  1.225 10.000  0.000
 sbuv6_n14        8   -1   31.000  7.000  1.225 10.000  0.000
 sbuv6_n14        9   -1   62.000  7.000  1.871 10.000  0.000
 sbuv6_n14       10   -1  125.000  5.000  1.871 10.000  0.000
 sbuv6_n14       11   -1  250.000  3.000  1.732 10.000  0.000
 sbuv6_n14       12   -1 1000.000  3.000  1.414 10.000  0.000
 sbuv6_n14       13   -1    0.000 12.000  2.236 10.000  0.000
 sbuv6_n16        1   -1    0.240  1.000  1.000 10.000  0.000
 sbuv6_n16        2   -1    0.490  1.000  1.000 10.000  0.000
 sbuv6_n16        3   -1    0.980  1.000  1.000 10.000  0.000
 sbuv6_n16        4   -1    1.950  1.000  1.000 10.000  0.000
 sbuv6_n16        5   -1    3.900  2.000  1.000 10.000  0.000
 sbuv6_n16        6   -1    7.800  3.000  1.414 10.000  0.000
 sbuv6_n16        7   -1   15.600  5.000  1.225 10.000  0.000
 sbuv6_n16        8   -1   31.000  7.000  1.225 10.000  0.000
 sbuv6_n16        9   -1   62.000  7.000  1.871 10.000  0.000
 sbuv6_n16       10   -1  125.000  5.000  1.871 10.000  0.000
 sbuv6_n16       11   -1  250.000  3.000  1.732 10.000  0.000
 sbuv6_n16       12   -1 1000.000  3.000  1.414 10.000  0.000
 sbuv6_n16       13   -1    0.000 12.000  2.236 10.000  0.000
 sbuv6_n17        1   -1    0.240  1.000  1.000 10.000  0.000
 sbuv6_n17        2   -1    0.490  1.000  1.000 10.000  0.000
 sbuv6_n17        3   -1    0.980  1.000  1.000 10.000  0.000
 sbuv6_n17        4   -1    1.950  1.000  1.000 10.000  0.000
 sbuv6_n17        5   -1    3.900  2.000  1.000 10.000  0.000
 sbuv6_n17        6   -1    7.800  3.000  1.414 10.000  0.000
 sbuv6_n17        7   -1   15.600  5.000  1.225 10.000  0.000
 sbuv6_n17        8   -1   31.000  7.000  1.225 10.000  0.000
 sbuv6_n17        9   -1   62.000  7.000  1.871 10.000  0.000
 sbuv6_n17       10   -1  125.000  5.000  1.871 10.000  0.000
 sbuv6_n17       11   -1  250.000  3.000  1.732 10.000  0.000
 sbuv6_n17       12   -1 1000.000  3.000  1.414 10.000  0.000
 sbuv6_n17       13   -1    0.000 12.000  2.236 10.000  0.000
 sbuv6_n18        1   -1    0.240  1.000  1.000 10.000  0.000
 sbuv6_n18        2   -1    0.490  1.000  1.000 10.000  0.000
 sbuv6_n18        3   -1    0.980  1.000  1.000 10.000  0.000
 sbuv6_n18        4   -1    1.950  1.000  1.000 10.000  0.000
 sbuv6_n18        5   -1    3.900  2.000  1.000 10.000  0.000
 sbuv6_n18        6   -1    7.800  3.000  1.414 10.000  0.000
 sbuv6_n18        7   -1   15.600  5.000  1.225 10.000  0.000
 sbuv6_n18        8   -1   31.000  7.000  1.225 10.000  0.000
 sbuv6_n18        9   -1   62.000  7.000  1.871 10.000  0.000
 sbuv6_n18       10   -1  125.000  5.000  1.871 10.000  0.000
 sbuv6_n18       11   -1  250.000  3.000  1.732 10.000  0.000
 sbuv6_n18       12   -1 1000.000  3.000  1.414 10.000  0.000
 sbuv6_n18       13   -1    0.000 12.000  2.236 10.000  0.000
 sbuv8_n11        1   -1    0.100  1.000  1.000 10.000  0.000
 sbuv8_n11        2   -1    0.158  1.000  1.000 10.000  0.000
 sbuv8_n11        3   -1    0.251  1.000  1.000 10.000  0.000
 sbuv8_n11        4   -1    0.398  1.000  1.000 10.000  0.000
 sbuv8_n11        5   -1    0.631  1.000  1.000 10.000  0.000
 sbuv8_n11        6   -1    1.000  1.000  1.000 10.000  0.000
 sbuv8_n11        7   -1    1.580  1.000  1.000 10.000  0.000
 sbuv8_n11        8   -1    2.510  1.282  1.000 10.000  0.000
 sbuv8_n11        9   -1    3.980  2.051  1.021 10.000  0.000
 sbuv8_n11       10   -1    6.310  2.641  1.265 10.000  0.000
 sbuv8_n11       11   -1   10.000  3.590  1.358 10.000  0.000
 sbuv8_n11       12   -1   15.800  5.052  1.225 10.000  0.000
 sbuv8_n11       13   -1   25.100  6.273  1.225 10.000  0.000
 sbuv8_n11       14   -1   39.800  7.000  1.423 10.000  0.000
 sbuv8_n11       15   -1   63.100  6.940  1.871 10.000  0.000
 sbuv8_n11       16   -1  100.000  5.752  1.871 10.000  0.000
 sbuv8_n11       17   -1  158.000  4.422  1.831 10.000  0.000
 sbuv8_n11       18   -1  251.000  3.000  1.730 10.000  0.000
 sbuv8_n11       19   -1  398.000  3.000  1.667 10.000  0.000
 sbuv8_n11       20   -1  631.000  3.000  1.567 10.000  0.000
 sbuv8_n11       21   -1 1000.000  3.000  1.408 10.000  0.000
 sbuv8_n11       22   -1    0.000 12.000  6.000 10.000  0.000
 sbuv8_n14        1   -1    0.100  1.000  1.000 10.000  0.000
 sbuv8_n14        2   -1    0.158  1.000  1.000 10.000  0.000
 sbuv8_n14        3   -1    0.251  1.000  1.000 10.000  0.000
 sbuv8_n14        4   -1    0.398  1.000  1.000 10.000  0.000
 sbuv8_n14        5   -1    0.631  1.000  1.000 10.000  0.000
 sbuv8_n14        6   -1    1.000  1.000  1.000 10.000  0.000
 sbuv8_n14        7   -1    1.580  1.000  1.000 10.000  0.000
 sbuv8_n14        8   -1    2.510  1.282  1.000 10.000  0.000
 sbuv8_n14        9   -1    3.980  2.051  1.021 10.000  0.000
 sbuv8_n14       10   -1    6.310  2.641  1.265 10.000  0.000
 sbuv8_n14       11   -1   10.000  3.590  1.358 10.000  0.000
 sbuv8_n14       12   -1   15.800  5.052  1.225 10.000  0.000
 sbuv8_n14       13   -1   25.100  6.273  1.225 10.000  0.000
 sbuv8_n14       14   -1   39.800  7.000  1.423 10.000  0.000
 sbuv8_n14       15   -1   63.100  6.940  1.871 10.000  0.000
 sbuv8_n14       16   -1  100.000  5.752  1.871 10.000  0.000
 sbuv8_n14       17   -1  158.000  4.422  1.831 10.000  0.000
 sbuv8_n14       18   -1  251.000  3.000  1.730 10.000  0.000
 sbuv8_n14       19   -1  398.000  3.000  1.667 10.000  0.000
 sbuv8_n14       20   -1  631.000  3.000  1.567 10.000  0.000
 sbuv8_n14       21   -1 1000.000  3.000  1.408 10.000  0.000
 sbuv8_n14       22   -1    0.000 12.000  6.000 10.000  0.000
 sbuv8_n16        1   -1    0.100  0.042  1.000 10.000  0.000
 sbuv8_n16        2   -1    0.158  0.006  1.000 10.000  0.000
 sbuv8_n16        3   -1    0.251  0.010  1.000 10.000  0.000
 sbuv8_n16        4   -1    0.398  0.020  1.000 10.000  0.000
 sbuv8_n16        5   -1    0.631  0.033  1.000 10.000  0.000
 sbuv8_n16        6   -1    1.000  0.059  1.000 10.000  0.000
 sbuv8_n16        7   -1    1.580  0.095  1.000 10.000  0.000
 sbuv8_n16        8   -1    2.510  0.152  1.000 10.000  0.000
 sbuv8_n16        9   -1    3.980  0.204  1.021 10.000  0.000
 sbuv8_n16       10   -1    6.310  0.334  1.265 10.000  0.000
 sbuv8_n16       11   -1   10.000  0.409  1.358 10.000  0.000
 sbuv8_n16       12   -1   15.800  0.647  1.225 10.000  0.000
 sbuv8_n16       13   -1   25.100  0.936  1.225 10.000  0.000
 sbuv8_n16       14   -1   39.800  1.303  1.423 10.000  0.000
 sbuv8_n16       15   -1   63.100  1.814  1.871 10.000  0.000
 sbuv8_n16       16   -1  100.000  1.941  1.871 10.000  0.000
 sbuv8_n16       17   -1  158.000  1.989  1.831 10.000  0.000
 sbuv8_n16       18   -1  251.000  2.521  1.730 10.000  0.000
 sbuv8_n16       19   -1  398.000  1.665  1.667 10.000  0.000
 sbuv8_n16       20   -1  631.000  1.183  1.567 10.000  0.000
 sbuv8_n16       21   -1 1000.000  0.788  1.408 10.000  0.000
 sbuv8_n16       22   -1    0.000 12.000  6.000 10.000  0.000
 sbuv8_n17        1   -1    0.100  0.039  1.000 10.000  0.000
 sbuv8_n17        2   -1    0.158  0.006  1.000 10.000  0.000
 sbuv8_n17        3   -1    0.251  0.010  1.000 10.000  0.000
 sbuv8_n17        4   -1    0.398  0.021  1.000 10.000  0.000
 sbuv8_n17        5   -1    0.631  0.038  1.000 10.000  0.000
 sbuv8_n17        6    1    1.000  0.066  1.000 10.000  0.000
 sbuv8_n17        7    1    1.580  0.109  1.000 10.000  0.000
 sbuv8_n17        8    1    2.510  0.183  1.000 10.000  0.000
 sbuv8_n17        9    1    3.980  0.233  1.021 10.000  0.000
 sbuv8_n17       10    1    6.310  0.283  1.265 10.000  0.000
 sbuv8_n17       11    1   10.000  0.437  1.358 10.000  0.000
 sbuv8_n17       12    1   15.800  0.626  1.225 10.000  0.000
 sbuv8_n17       13    1   25.100  0.907  1.225 10.000  0.000
 sbuv8_n17       14    1   39.800  1.423  1.423 10.000  0.000
 sbuv8_n17       15    1   63.100  1.876  1.871 10.000  0.000
 sbuv8_n17       16    1  100.000  1.970  1.871 10.000  0.000
 sbuv8_n17       17    1  158.000  2.091  1.831 10.000  0.000
 sbuv8_n17       18    1  251.000  2.577  1.730 10.000  0.000
 sbuv8_n17       19    1  398.000  1.628  1.667 10.000  0.000
 sbuv8_n17       20    1  631.000  1.169  1.567 10.000  0.000
 sbuv8_n17       21    1 1000.000  0.820  1.408 10.000  0.000
 sbuv8_n17       22   -1    0.000 12.000  6.000 10.000  0.000
 sbuv8_n18        1   -1    0.100  1.000  1.000 10.000  0.000
 sbuv8_n18        2   -1    0.158  1.000  1.000 10.000  0.000
 sbuv8_n18        3   -1    0.251  1.000  1.000 10.000  0.000
 sbuv8_n18        4   -1    0.398  1.000  1.000 10.000  0.000
 sbuv8_n18        5   -1    0.631  1.000  1.000 10.000  0.000
 sbuv8_n18        6    1    1.000  1.000  1.000 10.000  0.000
 sbuv8_n18        7    1    1.580  1.000  1.000 10.000  0.000
 sbuv8_n18        8    1    2.510  1.282  1.000 10.000  0.000
 sbuv8_n18        9    1    3.980  2.051  1.021 10.000  0.000
 sbuv8_n18       10    1    6.310  2.641  1.265 10.000  0.000
 sbuv8_n18       11    1   10.000  3.590  1.358 10.000  0.000
 sbuv8_n18       12    1   15.800  5.052  1.225 10.000  0.000
 sbuv8_n18       13    1   25.100  6.273  1.225 10.000  0.000
 sbuv8_n18       14    1   39.800  7.000  1.423 10.000  0.000
 sbuv8_n18       15    1   63.100  6.940  1.871 10.000  0.000
 sbuv8_n18       16    1  100.000  5.752  1.871 10.000  0.000
 sbuv8_n18       17    1  158.000  4.422  1.831 10.000  0.000
 sbuv8_n18       18    1  251.000  3.000  1.730 10.000  0.000
 sbuv8_n18       19    1  398.000  3.000  1.667 10.000  0.000
 sbuv8_n18       20    1  631.000  3.000  1.567 10.000  0.000
 sbuv8_n18       21    1 1000.000  3.000  1.408 10.000  0.000
 sbuv8_n18       22   -1    0.000 12.000  6.000 10.000  0.000
 sbuv8_n19        1   -1    0.100  1.000  1.000 10.000  0.000
 sbuv8_n19        2   -1    0.158  1.000  1.000 10.000  0.000
 sbuv8_n19        3   -1    0.251  1.000  1.000 10.000  0.000
 sbuv8_n19        4   -1    0.398  1.000  1.000 10.000  0.000
 sbuv8_n19        5   -1    0.631  1.000  1.000 10.000  0.000
 sbuv8_n19        6    1    1.000  1.000  1.000 10.000  0.000
 sbuv8_n19        7    1    1.580  1.000  1.000 10.000  0.000
 sbuv8_n19        8    1    2.510  1.282  1.000 10.000  0.000
 sbuv8_n19        9    1    3.980  2.051  1.021 10.000  0.000
 sbuv8_n19       10    1    6.310  2.641  1.265 10.000  0.000
 sbuv8_n19       11    1   10.000  3.590  1.358 10.000  0.000
 sbuv8_n19       12    1   15.800  5.052  1.225 10.000  0.000
 sbuv8_n19       13    1   25.100  6.273  1.225 10.000  0.000
 sbuv8_n19       14    1   39.800  7.000  1.423 10.000  0.000
 sbuv8_n19       15    1   63.100  6.940  1.871 10.000  0.000
 sbuv8_n19       16    1  100.000  5.752  1.871 10.000  0.000
 sbuv8_n19       17    1  158.000  4.422  1.831 10.000  0.000
 sbuv8_n19       18    1  251.000  3.000  1.730 10.000  0.000
 sbuv8_n19       19    1  398.000  3.000  1.667 10.000  0.000
 sbuv8_n19       20    1  631.000  3.000  1.567 10.000  0.000
 sbuv8_n19       21    1 1000.000  3.000  1.408 10.000  0.000
 sbuv8_n19       22   -1    0.000 12.000  6.000 10.000  0.000
 sbuv8_nim07      1    1    0.100  1.000  1.000 10.000  0.000
 sbuv8_nim07      2    1    0.158  1.000  1.000 10.000  0.000
 sbuv8_nim07      3    1    0.251  1.000  1.000 10.000  0.000
 sbuv8_nim07      4    1    0.398  1.000  1.000 10.000  0.000
 sbuv8_nim07      5    1    0.631  1.000  1.000 10.000  0.000
 sbuv8_nim07      6    1    1.000  1.000  1.000 10.000  0.000
 sbuv8_nim07      7    1    1.580  1.000  1.000 10.000  0.000
 sbuv8_nim07      8    1    2.510  1.282  1.000 10.000  0.000
 sbuv8_nim07      9    1    3.980  2.051  1.021 10.000  0.000
 sbuv8_nim07     10    1    6.310  2.641  1.265 10.000  0.000
 sbuv8_nim07     11    1   10.000  3.590  1.358 10.000  0.000
 sbuv8_nim07     12    1   15.800  5.052  1.225 10.000  0.000
 sbuv8_nim07     13    1   25.100  6.273  1.225 10.000  0.000
 sbuv8_nim07     14    1   39.800  7.000  1.423 10.000  0.000
 sbuv8_nim07     15    1   63.100  6.940  1.871 10.000  0.000
 sbuv8_nim07     16    1  100.000  5.752  1.871 10.000  0.000
 sbuv8_nim07     17    1  158.000  4.422  1.831 10.000  0.000
 sbuv8_nim07     18    1  251.000  3.000  1.730 10.000  0.000
 sbuv8_nim07     19    1  398.000  3.000  1.667 10.000  0.000
 sbuv8_nim07     20    1  631.000  3.000  1.567 10.000  0.000
 sbuv8_nim07     21    1 1000.000  3.000  1.408 10.000  0.000
 sbuv8_nim07     22   -1    0.000 12.000  6.000 10.000  0.000
 ompsnp_npp       1   -1    0.100  1.000  0.011 10.000  0.000
 ompsnp_npp       2   -1    0.158  1.000  0.007 10.000  0.000
 ompsnp_npp       3   -1    0.251  1.000  0.008 10.000  0.000
 ompsnp_npp       4   -1    0.398  1.000  0.021 10.000  0.000
 ompsnp_npp       5   -1    0.631  1.000  0.049 10.000  0.000
 ompsnp_npp       6    1    1.000  1.000  0.059 10.000  0.000
 ompsnp_npp       7    1    1.580  1.000  0.073 10.000  0.000
 ompsnp_npp       8    1    2.510  1.282  0.116 10.000  0.000
 ompsnp_npp       9    1    3.980  2.051  0.113 10.000  0.000
 ompsnp_npp      10    1    6.310  2.641  0.280 10.000  0.000
 ompsnp_npp      11    1   10.000  3.590  0.530 10.000  0.000
 ompsnp_npp      12    1   15.800  5.052  1.081 10.000  0.000
 ompsnp_npp      13    1   25.100  6.273  2.040 10.000  0.000
 ompsnp_npp      14    1   39.800  7.000  3.606 10.000  0.000
 ompsnp_npp      15    1   63.100  6.940  3.449 10.000  0.000
 ompsnp_npp      16    1  100.000  5.752  3.869 10.000  0.000
 ompsnp_npp      17    1  158.000  6.000  5.149 10.000  0.000
 ompsnp_npp      18    1  251.000  4.000  3.774 10.000  0.000
 ompsnp_npp      19    1  398.000  3.000  2.704 10.000  0.000
 ompsnp_npp      20    1  631.000  3.000  1.229 10.000  0.000
 ompsnp_npp      21    1 1000.000  3.000  0.762 10.000  0.000
 ompsnp_npp      22   -1    0.000 12.000  6.000 10.000  0.000
 ompsnpnc_npp     1    1    0.100  1.000  0.011 10.000  0.000
 ompsnpnc_npp     2    1    0.158  1.000  0.007 10.000  0.000
 ompsnpnc_npp     3    1    0.251  1.000  0.008 10.000  0.000
 ompsnpnc_npp     4    1    0.398  1.000  0.021 10.000  0.000
 ompsnpnc_npp     5    1    0.631  1.000  0.049 10.000  0.000
 ompsnpnc_npp     6    1    1.000  1.000  0.059 10.000  0.000
 ompsnpnc_npp     7    1    1.580  1.000  0.073 10.000  0.000
 ompsnpnc_npp     8    1    2.510  1.282  0.116 10.000  0.000
 ompsnpnc_npp     9    1    3.980  2.051  0.113 10.000  0.000
 ompsnpnc_npp    10    1    6.310  2.641  0.280 10.000  0.000
 ompsnpnc_npp    11    1   10.000  3.590  0.530 10.000  0.000
 ompsnpnc_npp    12    1   15.800  5.052  1.081 10.000  0.000
 ompsnpnc_npp    13    1   25.100  6.273  2.040 10.000  0.000
 ompsnpnc_npp    14    1   39.800  7.000  3.606 10.000  0.000
 ompsnpnc_npp    15    1   63.100  6.940  3.449 10.000  0.000
 ompsnpnc_npp    16    1  100.000  5.752  3.869 10.000  0.000
 ompsnpnc_npp    17    1  158.000  6.000  5.149 10.000  0.000
 ompsnpnc_npp    18    1  251.000  4.000  3.774 10.000  0.000
 ompsnpnc_npp    19    1  398.000  3.000  2.704 10.000  0.000
 ompsnpnc_npp    20    1  631.000  3.000  1.229 10.000  0.000
 ompsnpnc_npp    21    1 1000.000  3.000  0.762 10.000  0.000
 ompsnpnc_npp    22   -1    0.000 12.000  6.000 10.000  0.000
 omi_aura         1   -1    0.000  6.000  5.000 10.000  0.000
 omieff_aura      1    1    0.000  6.000  5.000 10.000  0.000
 tomseff_nim07    1    1    0.000 10.000  8.000 10.000  0.000
 tomseff_ep       1    1    0.000 10.000  8.000 10.000  0.000
 gome_metop-a     1   -1    0.000 12.000  2.236 10.000  0.000
 gome_metop-b     1   -1    0.000 12.000  2.236 10.000  0.000
 ompsnm_npp       1    1    0.000  6.000  5.216 10.000  0.000
 ompsnmeff_npp    1    1    0.000  6.000  5.216 10.000  0.000
 mls_aura         1   -1  999.999  9.999  9.999 10.000  0.000
 mls_aura         2   -1  999.999  9.999  9.999 10.000  0.000
 mls_aura         3   -1  999.999  9.999  9.999 10.000  0.000
 mls_aura         4   -1  999.999  9.999  9.999 10.000  0.000
 mls_aura         5   -1  999.999  9.999  9.999 10.000  0.000
 mls_aura         6   -1  999.999  9.999  9.999 10.000  0.000
 mls_aura         7   -1  999.999  9.999  9.999 10.000  0.000
 mls_aura         8   -1  999.999  9.999  9.999 10.000  0.000
 mls_aura         9   -1  999.999  9.999  9.999 10.000  0.000
 mls_aura        10   -1  999.999  9.999  9.999 10.000  0.000
 mls_aura        11   -1  999.999  9.999  9.999 10.000  0.000
 mls_aura        12   -1  999.999  9.999  9.999 10.000  0.000
 mls_aura        13   -1  999.999  9.999  9.999 10.000  0.000
 mls_aura        14   -1  999.999  9.999  9.999 10.000  0.000
 mls_aura        15   -1  999.999  9.999  9.999 10.000  0.000
 mls_aura        16   -1  999.999  9.999  9.999 10.000  0.000
 mls_aura        17   -1  999.999  9.999  9.999 10.000  0.000
 mls_aura        18   -1  999.999  9.999  9.999 10.000  0.000
 mls_aura        19   -1  999.999  9.999  9.999 10.000  0.000
 mls_aura        20   -1  999.999  9.999  9.999 10.000  0.000
 mls_aura        21   -1  999.999  9.999  9.999 10.000  0.000
 mls_aura        22   -1  999.999  9.999  9.999 10.000  0.000
 mls_aura        23   -1  999.999  9.999  9.999 10.000  0.000
 mls_aura        24   -1  999.999  9.999  9.999 10.000  0.000
 mls_aura        25   -1  999.999  9.999  9.999 10.000  0.000
 mls_aura        26   -1  999.999  9.999  9.999 10.000  0.000
 mls_aura        27   -1  999.999  9.999  9.999 10.000  0.000
 mls_aura        28   -1  999.999  9.999  9.999 10.000  0.000
 mls_aura        29   -1  999.999  9.999  9.999 10.000  0.000
 mls_aura        30   -1  999.999  9.999  9.999 10.000  0.000
 mls_aura        31   -1  999.999  9.999  9.999 10.000  0.000
 mls_aura        32   -1  999.999  9.999  9.999 10.000  0.000
 mls_aura        33   -1  999.999  9.999  9.999 10.000  0.000
 mls_aura        34   -1  999.999  9.999  9.999 10.000  0.000
 mls_aura        35   -1  999.999  9.999  9.999 10.000  0.000
 mls_aura        36   -1  999.999  9.999  9.999 10.000  0.000
 mls_aura        37   -1  999.999  9.999  9.999 10.000  0.000
 o3lev_aura       1   -1  999.999  9.999  9.999 10.000  0.000
 o3lev_aura       2   -1  999.999  9.999  9.999 10.000  0.000
 o3lev_aura       3   -1  999.999  9.999  9.999 10.000  0.000
 o3lev_aura       4   -1  999.999  9.999  9.999 10.000  0.000
 o3lev_aura       5   -1  999.999  9.999  9.999 10.000  0.000
 o3lev_aura       6   -1  999.999  9.999  9.999 10.000  0.000
 o3lev_aura       7   -1  999.999  9.999  9.999 10.000  0.000
 o3lev_aura       8    1  999.999  9.999  9.999 10.000  0.000
 o3lev_aura       9    1  999.999  9.999  9.999 10.000  0.000
 o3lev_aura      10    1  999.999  9.999  9.999 10.000  0.000
 o3lev_aura      11    1  999.999  9.999  9.999 10.000  0.000
 o3lev_aura      12    1  999.999  9.999  9.999 10.000  0.000
 o3lev_aura      13    1  999.999  9.999  9.999 10.000  0.000
 o3lev_aura      14    1  999.999  9.999  9.999 10.000  0.000
 o3lev_aura      15    1  999.999  9.999  9.999 10.000  0.000
 o3lev_aura      16    1  999.999  9.999  9.999 10.000  0.000
 o3lev_aura      17    1  999.999  9.999  9.999 10.000  0.000
 o3lev_aura      18    1  999.999  9.999  9.999 10.000  0.000
 o3lev_aura      19    1  999.999  9.999  9.999 10.000  0.000
 o3lev_aura      20    1  999.999  9.999  9.999 10.000  0.000
 o3lev_aura      21    1  999.999  9.999  9.999 10.000  0.000
 o3lev_aura      22    1  999.999  9.999  9.999 10.000  0.000
 o3lev_aura      23    1  999.999  9.999  9.999 10.000  0.000
 o3lev_aura      24    1  999.999  9.999  9.999 10.000  0.000
 o3lev_aura      25    1  999.999  9.999  9.999 10.000  0.000
 o3lev_aura      26    1  999.999  9.999  9.999 10.000  0.000
 o3lev_aura      27    1  999.999  9.999  9.999 10.000  0.000
 o3lev_aura      28    1  999.999  9.999  9.999 10.000  0.000
 o3lev_aura      29    1  999.999  9.999  9.999 10.000  0.000
 o3lev_aura      30    1  999.999  9.999  9.999 10.000  0.000
 o3lev_aura      31    1  999.999  9.999  9.999 10.000  0.000
 o3lev_aura      32    1  999.999  9.999  9.999 10.000  0.000
 o3lev_aura      33    1  999.999  9.999  9.999 10.000  0.000
 o3lev_aura      34    1  999.999  9.999  9.999 10.000  0.000
 o3lev_aura      35    1  999.999  9.999  9.999 10.000  0.000
 o3lev_aura      36    1  999.999  9.999  9.999 10.000  0.000
 o3lev_aura      37    1  999.999  9.999  9.999 10.000  0.000
 o3lev_aura      38    1  999.999  9.999  9.999 10.000  0.000
 o3lev_aura      39    1  999.999  9.999  9.999 10.000  0.000
 o3lev_aura      40    1  999.999  9.999  9.999 10.000  0.000
 o3lev_aura      41    1  999.999  9.999  9.999 10.000  0.000
 o3lev_aura      42    1  999.999  9.999  9.999 10.000  0.000
 o3lev_aura      43    1  999.999  9.999  9.999 10.000  0.000
 o3lev_aura      44    1  999.999  9.999  9.999 10.000  0.000
 mls55_aura       1   -1  999.999  5.0    9.999 10.000  0.000
 mls55_aura       2   -1  999.999  5.0    9.999 10.000  0.000
 mls55_aura       3   -1  999.999  5.0    9.999 10.000  0.000
 mls55_aura       4   -1  999.999  5.0    9.999 10.000  0.000
 mls55_aura       5   -1  999.999  5.0    9.999 10.000  0.000
 mls55_aura       6   -1  999.999  5.0    9.999 10.000  0.000
 mls55_aura       7   -1  999.999  5.0    9.999 10.000  0.000
 mls55_aura       8   -1  999.999  5.0    9.999 10.000  0.000
 mls55_aura       9   -1  999.999  5.0    9.999 10.000  0.000
 mls55_aura      10   -1  999.999  5.0    9.999 10.000  0.000
 mls55_aura      11   -1  999.999  5.0    9.999 10.000  0.000
 mls55_aura      12   -1  999.999  5.0    9.999 10.000  0.000
 mls55_aura      13   -1  999.999  5.0    9.999 10.000  0.000
 mls55_aura      14   -1  999.999  5.0    9.999 10.000  0.000
 mls55_aura      15   -1  999.999  5.0    9.999 10.000  0.000
 mls55_aura      16   -1  999.999  5.0    9.999 10.000  0.000
 mls55_aura      17   -1  999.999  5.0    9.999 10.000  0.000
 mls55_aura      18   -1  999.999  5.0    9.999 10.000  0.000
 mls55_aura      19   -1  999.999  5.0    9.999 10.000  0.000
 mls55_aura      20   -1  999.999  5.0    9.999 10.000  0.000
 mls55_aura      21   -1  999.999  5.0    9.999 10.000  0.000
 mls55_aura      22   -1  999.999  5.0    9.999 10.000  0.000
 mls55_aura      23   -1  999.999  5.0    9.999 10.000  0.000
 mls55_aura      24   -1  999.999  5.0    9.999 10.000  0.000
 mls55_aura      25   -1  999.999  5.0    9.999 10.000  0.000
 mls55_aura      26   -1  999.999  5.0    9.999 10.000  0.000
 mls55_aura      27   -1  999.999  5.0    9.999 10.000  0.000
 mls55_aura      28   -1  999.999  5.0    9.999 10.000  0.000
 mls55_aura      29   -1  999.999  5.0    9.999 10.000  0.000
 mls55_aura      30   -1  999.999  5.0    9.999 10.000  0.000
 mls55_aura      31   -1  999.999  5.0    9.999 10.000  0.000
 mls55_aura      32   -1  999.999  5.0    9.999 10.000  0.000
 mls55_aura      33   -1  999.999  5.0    9.999 10.000  0.000
 mls55_aura      34   -1  999.999  5.0    9.999 10.000  0.000
 mls55_aura      35   -1  999.999  5.0    9.999 10.000  0.000
 mls55_aura      36   -1  999.999  5.0    9.999 10.000  0.000
 mls55_aura      37   -1  999.999  5.0    9.999 10.000  0.000
 mls55_aura      38   -1  999.999  5.0    9.999 10.000  0.000
 mls55_aura      39   -1  999.999  5.0    9.999 10.000  0.000
 mls55_aura      40   -1  999.999  5.0    9.999 10.000  0.000
 mls55_aura      41   -1  999.999  5.0    9.999 10.000  0.000
 mls55_aura      42   -1  999.999  5.0    9.999 10.000  0.000
 mls55_aura      43   -1  999.999  5.0    9.999 10.000  0.000
 mls55_aura      44   -1  999.999  5.0    9.999 10.000  0.000
 mls55_aura      45   -1  999.999  5.0    9.999 10.000  0.000
 mls55_aura      46   -1  999.999  5.0    9.999 10.000  0.000
 mls55_aura      47   -1  999.999  5.0    9.999 10.000  0.000
 mls55_aura      48   -1  999.999  5.0    9.999 10.000  0.000
 mls55_aura      49   -1  999.999  5.0    9.999 10.000  0.000
 mls55_aura      50   -1  999.999  5.0    9.999 10.000  0.000
 mls55_aura      51   -1  999.999  5.0    9.999 10.000  0.000
 mls55_aura      52   -1  999.999  5.0    9.999 10.000  0.000
 mls55_aura      53   -1  999.999  5.0    9.999 10.000  0.000
 mls55_aura      54   -1  999.999  5.0    9.999 10.000  0.000
 mls55_aura      55   -1  999.999  5.0    9.999 10.000  0.000
 ompslpuv_npp     1   -1  999.999  5.0    9.999 10.000  0.000
 ompslpuv_npp     2   -1  999.999  5.0    9.999 10.000  0.000
 ompslpuv_npp     3   -1  999.999  5.0    9.999 10.000  0.000
 ompslpuv_npp     4   -1  999.999  5.0    9.999 10.000  0.000
 ompslpuv_npp     5   -1  999.999  5.0    9.999 10.000  0.000
 ompslpuv_npp     6   -1  999.999  5.0    9.999 10.000  0.000
 ompslpuv_npp     7   -1  999.999  5.0    9.999 10.000  0.000
 ompslpuv_npp     8   -1  999.999  5.0    9.999 10.000  0.000
 ompslpuv_npp     9   -1  999.999  5.0    9.999 10.000  0.000
 ompslpuv_npp    10   -1  999.999  5.0    9.999 10.000  0.000
 ompslpuv_npp    11   -1  999.999  5.0    9.999 10.000  0.000
 ompslpuv_npp    12   -1  999.999  5.0    9.999 10.000  0.000
 ompslpuv_npp    13   -1  999.999  5.0    9.999 10.000  0.000
 ompslpuv_npp    14   -1  999.999  5.0    9.999 10.000  0.000
 ompslpuv_npp    15   -1  999.999  5.0    9.999 10.000  0.000
 ompslpuv_npp    16   -1  999.999  5.0    9.999 10.000  0.000
 ompslpuv_npp    17   -1  999.999  5.0    9.999 10.000  0.000
 ompslpuv_npp    18   -1  999.999  5.0    9.999 10.000  0.000
 ompslpuv_npp    19   -1  999.999  5.0    9.999 10.000  0.000
 ompslpuv_npp    20   -1  999.999  5.0    9.999 10.000  0.000
 ompslpuv_npp    21   -1  999.999  5.0    9.999 10.000  0.000
 ompslpuv_npp    22   -1  999.999  5.0    9.999 10.000  0.000
 ompslpuv_npp    23   -1  999.999  5.0    9.999 10.000  0.000
 ompslpuv_npp    24   -1  999.999  5.0    9.999 10.000  0.000
 ompslpuv_npp    25   -1  999.999  5.0    9.999 10.000  0.000
 ompslpuv_npp    26   -1  999.999  5.0    9.999 10.000  0.000
 ompslpuv_npp    27   -1  999.999  5.0    9.999 10.000  0.000
 ompslpuv_npp    28   -1  999.999  5.0    9.999 10.000  0.000
 ompslpuv_npp    29   -1  999.999  5.0    9.999 10.000  0.000
 ompslpuv_npp    30   -1  999.999  5.0    9.999 10.000  0.000
 ompslpuv_npp    31   -1  999.999  5.0    9.999 10.000  0.000
 ompslpuv_npp    32   -1  999.999  5.0    9.999 10.000  0.000
 ompslpuv_npp    33   -1  999.999  5.0    9.999 10.000  0.000
 ompslpuv_npp    34   -1  999.999  5.0    9.999 10.000  0.000
 ompslpuv_npp    35   -1  999.999  5.0    9.999 10.000  0.000
 ompslpuv_npp    36   -1  999.999  5.0    9.999 10.000  0.000
 ompslpuv_npp    37   -1  999.999  5.0    9.999 10.000  0.000
 ompslpuv_npp    38   -1  999.999  5.0    9.999 10.000  0.000
 ompslpuv_npp    39   -1  999.999  5.0    9.999 10.000  0.000
 ompslpuv_npp    40   -1  999.999  5.0    9.999 10.000  0.000
 ompslpuv_npp    41   -1  999.999  5.0    9.999 10.000  0.000
 ompslpuv_npp    42   -1  999.999  5.0    9.999 10.000  0.000
 ompslpuv_npp    43   -1  999.999  5.0    9.999 10.000  0.000
 ompslpuv_npp    44   -1  999.999  5.0    9.999 10.000  0.000
 ompslpuv_npp    45   -1  999.999  5.0    9.999 10.000  0.000
 ompslpuv_npp    46   -1  999.999  5.0    9.999 10.000  0.000
 ompslpuv_npp    47   -1  999.999  5.0    9.999 10.000  0.000
 ompslpuv_npp    48   -1  999.999  5.0    9.999 10.000  0.000
 ompslpuv_npp    49   -1  999.999  5.0    9.999 10.000  0.000
 ompslpuv_npp    50   -1  999.999  5.0    9.999 10.000  0.000
 ompslpuv_npp    51   -1  999.999  5.0    9.999 10.000  0.000
 ompslpuv_npp    52   -1  999.999  5.0    9.999 10.000  0.000
 ompslpuv_npp    53   -1  999.999  5.0    9.999 10.000  0.000
 ompslpuv_npp    54   -1  999.999  5.0    9.999 10.000  0.000
 ompslpuv_npp    55   -1  999.999  5.0    9.999 10.000  0.000
 ompslpuv_npp    56   -1  999.999  5.0    9.999 10.000  0.000
 ompslpvis_npp    1   -1  999.999  5.0    9.999 10.000  0.000
 ompslpvis_npp    2   -1  999.999  5.0    9.999 10.000  0.000
 ompslpvis_npp    3   -1  999.999  5.0    9.999 10.000  0.000
 ompslpvis_npp    4   -1  999.999  5.0    9.999 10.000  0.000
 ompslpvis_npp    5   -1  999.999  5.0    9.999 10.000  0.000
 ompslpvis_npp    6   -1  999.999  5.0    9.999 10.000  0.000
 ompslpvis_npp    7   -1  999.999  5.0    9.999 10.000  0.000
 ompslpvis_npp    8   -1  999.999  5.0    9.999 10.000  0.000
 ompslpvis_npp    9   -1  999.999  5.0    9.999 10.000  0.000
 ompslpvis_npp   10   -1  999.999  5.0    9.999 10.000  0.000
 ompslpvis_npp   11   -1  999.999  5.0    9.999 10.000  0.000
 ompslpvis_npp   12   -1  999.999  5.0    9.999 10.000  0.000
 ompslpvis_npp   13   -1  999.999  5.0    9.999 10.000  0.000
 ompslpvis_npp   14   -1  999.999  5.0    9.999 10.000  0.000
 ompslpvis_npp   15   -1  999.999  5.0    9.999 10.000  0.000
 ompslpvis_npp   16   -1  999.999  5.0    9.999 10.000  0.000
 ompslpvis_npp   17   -1  999.999  5.0    9.999 10.000  0.000
 ompslpvis_npp   18   -1  999.999  5.0    9.999 10.000  0.000
 ompslpvis_npp   19   -1  999.999  5.0    9.999 10.000  0.000
 ompslpvis_npp   20   -1  999.999  5.0    9.999 10.000  0.000
 ompslpvis_npp   21   -1  999.999  5.0    9.999 10.000  0.000
 ompslpvis_npp   22   -1  999.999  5.0    9.999 10.000  0.000
 ompslpvis_npp   23   -1  999.999  5.0    9.999 10.000  0.000
 ompslpvis_npp   24   -1  999.999  5.0    9.999 10.000  0.000
 ompslpvis_npp   25   -1  999.999  5.0    9.999 10.000  0.000
 ompslpvis_npp   26   -1  999.999  5.0    9.999 10.000  0.000
 ompslpvis_npp   27   -1  999.999  5.0    9.999 10.000  0.000
 ompslpvis_npp   28   -1  999.999  5.0    9.999 10.000  0.000
 ompslpvis_npp   29   -1  999.999  5.0    9.999 10.000  0.000
 ompslpvis_npp   30   -1  999.999  5.0    9.999 10.000  0.000
 ompslpvis_npp   31   -1  999.999  5.0    9.999 10.000  0.000
 ompslpvis_npp   32   -1  999.999  5.0    9.999 10.000  0.000
 ompslpvis_npp   33   -1  999.999  5.0    9.999 10.000  0.000
 ompslpvis_npp   34   -1  999.999  5.0    9.999 10.000  0.000
 ompslpvis_npp   35   -1  999.999  5.0    9.999 10.000  0.000
 ompslpvis_npp   36   -1  999.999  5.0    9.999 10.000  0.000
 ompslpvis_npp   37   -1  999.999  5.0    9.999 10.000  0.000
 ompslpvis_npp   38   -1  999.999  5.0    9.999 10.000  0.000
 ompslpvis_npp   39   -1  999.999  5.0    9.999 10.000  0.000
 ompslpvis_npp   40   -1  999.999  5.0    9.999 10.000  0.000
 ompslpvis_npp   41   -1  999.999  5.0    9.999 10.000  0.000
 ompslpvis_npp   42   -1  999.999  5.0    9.999 10.000  0.000
 ompslpvis_npp   43   -1  999.999  5.0    9.999 10.000  0.000
 ompslpvis_npp   44   -1  999.999  5.0    9.999 10.000  0.000
 ompslpvis_npp   45   -1  999.999  5.0    9.999 10.000  0.000
 ompslpvis_npp   46   -1  999.999  5.0    9.999 10.000  0.000
 ompslpvis_npp   47   -1  999.999  5.0    9.999 10.000  0.000
 ompslpvis_npp   48   -1  999.999  5.0    9.999 10.000  0.000
 ompslpvis_npp   49   -1  999.999  5.0    9.999 10.000  0.000
 ompslpvis_npp   50   -1  999.999  5.0    9.999 10.000  0.000
 ompslpvis_npp   51   -1  999.999  5.0    9.999 10.000  0.000
 ompslpvis_npp   52   -1  999.999  5.0    9.999 10.000  0.000
 ompslpvis_npp   53   -1  999.999  5.0    9.999 10.000  0.000
 ompslpvis_npp   54   -1  999.999  5.0    9.999 10.000  0.000
 ompslpvis_npp   55   -1  999.999  5.0    9.999 10.000  0.000
 ompslpvis_npp   56   -1  999.999  5.0    9.999 10.000  0.000
