 132
   240.0    -0.5     0.5000     0.5000
   240.0    -0.5     0.5000     0.5000
   240.0    -0.5     0.5000     0.5000
   240.0    -0.5     0.5000     0.5000
   240.0    -0.5     0.5000     0.5000
   240.0    -0.5     0.5000     0.5000
   240.0    -0.5     0.5000     0.5000
   240.0    -0.5     0.5000     0.5000
   240.0    -0.5     0.5000     0.5000
   240.0    -0.5     0.5000     0.5000
   240.0    -0.5     0.5000     0.5000
   240.0    -0.5     0.5000     0.5000
   240.0    -0.5     0.5000     0.5000
   240.0    -0.5     0.5000     0.5000
   240.0    -0.5     0.5000     0.5000
   240.0    -0.5     0.5000     0.5000
   240.0    -0.5     0.5000     0.5000
   240.0    -0.5     0.5000     0.5000
   240.0    -0.5     0.5000     0.5000
   240.0    -0.5     0.5000     0.5000
   240.0    -0.5     0.5000     0.5000
   240.0    -0.5     0.5000     0.5000
   240.0    -0.5     0.5000     0.5000
   240.0    -0.5     0.5000     0.5000
   240.0    -0.5     0.5000     0.5000
   240.0    -0.5     0.5000     0.5000
   240.0    -0.5     0.5000     0.5000
   240.0    -0.5     0.5000     0.5000
   240.0    -0.5     0.5000     0.5000
   240.0    -0.5     0.5000     0.5000
   240.0    -0.5     0.5000     0.5000
   240.0    -0.5     0.5000     0.5000
   240.0    -0.5     0.5000     0.5000
   240.0    -0.5     0.5000     0.5000
   240.0    -0.5     0.5000     0.5000
   240.0    -0.5     0.5000     0.5000
   240.0    -0.5     0.5000     0.5000
   240.0    -0.5     0.5000     0.5000
   240.0    -0.5     0.5000     0.5000
   240.0    -0.5     0.5000     0.5000
   240.0    -0.5     0.5000     0.5000
   240.0    -0.5     0.5000     0.5000
   240.0    -0.5     0.5000     0.5000
   240.0    -0.5     0.5000     0.5000
   240.0    -0.5     0.5000     0.5000
   240.0    -0.5     0.5000     0.5000
   240.0    -0.5     0.5000     0.5000
   240.0    -0.5     0.5000     0.5000
   241.0    -0.5     0.5000     0.5000
   243.0    -0.5     0.5000     0.5000
   246.0    -0.5     0.5000     0.5000
   251.0    -0.5     0.5000     0.5000
   257.0    -0.5     0.5000     0.5000
   264.0    -0.5     0.5000     0.5000
   271.0    -0.5     0.5000     0.5000
   277.0    -0.5     0.5000     0.5000
   281.0    -0.5     0.5000     0.5000
   284.0    -0.5     0.5000     0.5000
   287.0    -0.5     0.5000     0.5000
   290.0    -0.5     0.5000     0.5000
   293.0    -0.5     0.5000     0.5000
   297.0    -0.5     0.5000     0.5000
   301.0    -0.5     0.5000     0.5000
   307.0    -0.5     0.5000     0.5000
   315.0    -0.5     0.5000     0.5000
   328.0    -0.5     0.5000     0.5000
   345.0    -0.5     0.5000     0.5000
   365.0    -0.5     0.5000     0.5000
   384.0    -0.5     0.5000     0.5000
   399.0    -0.5     0.5000     0.5000
   411.0    -0.5     0.5000     0.5000
   418.0    -0.5     0.5000     0.5000
   421.0    -0.5     0.5000     0.5000
   421.0    -0.5     0.5000     0.5000
   421.0    -0.5     0.5000     0.5000
   420.0    -0.5     0.5000     0.5000
   420.0    -0.5     0.5000     0.5000
   420.0    -0.5     0.5000     0.5000
   420.0    -0.5     0.5000     0.5000
   420.0    -0.5     0.5000     0.5000
   420.0    -0.5     0.5000     0.5000
   420.0    -0.5     0.5000     0.5000
   420.0    -0.5     0.5000     0.5000
   420.0    -0.5     0.5000     0.5000
   420.0    -0.5     0.5000     0.5000
   420.0    -0.5     0.5000     0.5000
   420.0    -0.5     0.5000     0.5000
   420.0    -0.5     0.5000     0.5000
   420.0    -0.5     0.5000     0.5000
   420.0    -0.5     0.5000     0.5000
   420.0    -0.5     0.5000     0.5000
   420.0    -0.5     0.5000     0.5000
   420.0    -0.5     0.5000     0.5000
   420.0    -0.5     0.5000     0.5000
   420.0    -0.5     0.5000     0.5000
   420.0    -0.5     0.5000     0.5000
   420.0    -0.5     0.5000     0.5000
   420.0    -0.5     0.5000     0.5000
   420.0    -0.5     0.5000     0.5000
   421.0    -0.5     0.5000     0.5000
   454.0    -0.5     0.5000     0.5000
   487.0    -0.5     0.5000     0.5000
   506.0    -0.5     0.5001     0.4999
   509.0    -0.5     0.4998     0.5002
   509.0    -0.5     0.4998     0.5002
   522.0    -0.5     0.5008     0.4992
   542.0    -0.5     0.4997     0.5003
   560.0    -0.5     0.4977     0.5023
   582.0    -0.5     0.5069     0.4931
   600.0    -0.5     0.5479     0.4521
   600.0    -0.5     0.6282     0.3718
   600.0    -0.5     0.7046     0.2954
   600.0    -0.5     0.7635     0.2365
   600.0    -0.5     0.8150     0.1850
   600.0    -0.5     0.8625     0.1375
   600.0    -0.5     0.9053     0.0947
   600.0    -0.5     0.9437     0.0563
   600.0    -0.5     0.9766     0.0234
   650.0    -0.5     0.9973     0.0027
   650.0    -0.5     0.9997     0.0003
   650.0    -0.5     0.9998     0.0002
   690.0    -0.5     1.0000     0.0000
   720.0    -0.5     1.0000     0.0000
   720.0    -0.5     1.0000     0.0000
   720.0    -0.5     1.0000     0.0000
   755.0    -0.5     1.0000     0.0000
   780.0    -0.5     1.0000     0.0000
   780.0    -0.5     1.0000     0.0000
   780.0    -0.5     1.0000     0.0000
   780.0    -0.5     1.0000     0.0000
   780.0    -0.5     1.0000     0.0000
   780.0    -0.5     1.0000     0.0000
