   DEC                             BIN
  =====   ============================================================
  number  cld  land   snow  mix   ice  water  omg  topo   sst  windspd 
    0      0     0     0     0     0     0     0     0     0     0
    1      1     0     0     0     0     0     0     0     0     0
    2      0     1     0     0     0     0     0     0     0     0
    3      1     1     0     0     0     0     0     0     0     0
    4      0     0     1     0     0     0     0     0     0     0
    5      1     0     1     0     0     0     0     0     0     0
    6      0     1     1     0     0     0     0     0     0     0
    7      1     1     1     0     0     0     0     0     0     0
    8      0     0     0     1     0     0     0     0     0     0
    9      1     0     0     1     0     0     0     0     0     0
   10      0     1     0     1     0     0     0     0     0     0
   11      1     1     0     1     0     0     0     0     0     0
   12      0     0     1     1     0     0     0     0     0     0
   13      1     0     1     1     0     0     0     0     0     0
   14      0     1     1     1     0     0     0     0     0     0
   15      1     1     1     1     0     0     0     0     0     0
   16      0     0     0     0     1     0     0     0     0     0
   17      1     0     0     0     1     0     0     0     0     0
   18      0     1     0     0     1     0     0     0     0     0
   19      1     1     0     0     1     0     0     0     0     0
   20      0     0     1     0     1     0     0     0     0     0
   21      1     0     1     0     1     0     0     0     0     0
   22      0     1     1     0     1     0     0     0     0     0
   23      1     1     1     0     1     0     0     0     0     0
   24      0     0     0     1     1     0     0     0     0     0
   25      1     0     0     1     1     0     0     0     0     0
   26      0     1     0     1     1     0     0     0     0     0
   27      1     1     0     1     1     0     0     0     0     0
   28      0     0     1     1     1     0     0     0     0     0
   29      1     0     1     1     1     0     0     0     0     0
   30      0     1     1     1     1     0     0     0     0     0
   31      1     1     1     1     1     0     0     0     0     0
   32      0     0     0     0     0     1     0     0     0     0
   33      1     0     0     0     0     1     0     0     0     0
   34      0     1     0     0     0     1     0     0     0     0
   35      1     1     0     0     0     1     0     0     0     0
   36      0     0     1     0     0     1     0     0     0     0
   37      1     0     1     0     0     1     0     0     0     0
   38      0     1     1     0     0     1     0     0     0     0
   39      1     1     1     0     0     1     0     0     0     0
   40      0     0     0     1     0     1     0     0     0     0
   41      1     0     0     1     0     1     0     0     0     0
   42      0     1     0     1     0     1     0     0     0     0
   43      1     1     0     1     0     1     0     0     0     0
   44      0     0     1     1     0     1     0     0     0     0
   45      1     0     1     1     0     1     0     0     0     0
   46      0     1     1     1     0     1     0     0     0     0
   47      1     1     1     1     0     1     0     0     0     0
   48      0     0     0     0     1     1     0     0     0     0
   49      1     0     0     0     1     1     0     0     0     0
   50      0     1     0     0     1     1     0     0     0     0
   51      1     1     0     0     1     1     0     0     0     0
   52      0     0     1     0     1     1     0     0     0     0
   53      1     0     1     0     1     1     0     0     0     0
   54      0     1     1     0     1     1     0     0     0     0
   55      1     1     1     0     1     1     0     0     0     0
   56      0     0     0     1     1     1     0     0     0     0
   57      1     0     0     1     1     1     0     0     0     0
   58      0     1     0     1     1     1     0     0     0     0
   59      1     1     0     1     1     1     0     0     0     0
   60      0     0     1     1     1     1     0     0     0     0
   61      1     0     1     1     1     1     0     0     0     0
   62      0     1     1     1     1     1     0     0     0     0
   63      1     1     1     1     1     1     0     0     0     0
   64      0     0     0     0     0     0     1     0     0     0
   65      1     0     0     0     0     0     1     0     0     0
   66      0     1     0     0     0     0     1     0     0     0
   67      1     1     0     0     0     0     1     0     0     0
   68      0     0     1     0     0     0     1     0     0     0
   69      1     0     1     0     0     0     1     0     0     0
   70      0     1     1     0     0     0     1     0     0     0
   71      1     1     1     0     0     0     1     0     0     0
   72      0     0     0     1     0     0     1     0     0     0
   73      1     0     0     1     0     0     1     0     0     0
   74      0     1     0     1     0     0     1     0     0     0
   75      1     1     0     1     0     0     1     0     0     0
   76      0     0     1     1     0     0     1     0     0     0
   77      1     0     1     1     0     0     1     0     0     0
   78      0     1     1     1     0     0     1     0     0     0
   79      1     1     1     1     0     0     1     0     0     0
   80      0     0     0     0     1     0     1     0     0     0
   81      1     0     0     0     1     0     1     0     0     0
   82      0     1     0     0     1     0     1     0     0     0
   83      1     1     0     0     1     0     1     0     0     0
   84      0     0     1     0     1     0     1     0     0     0
   85      1     0     1     0     1     0     1     0     0     0
   86      0     1     1     0     1     0     1     0     0     0
   87      1     1     1     0     1     0     1     0     0     0
   88      0     0     0     1     1     0     1     0     0     0
   89      1     0     0     1     1     0     1     0     0     0
   90      0     1     0     1     1     0     1     0     0     0
   91      1     1     0     1     1     0     1     0     0     0
   92      0     0     1     1     1     0     1     0     0     0
   93      1     0     1     1     1     0     1     0     0     0
   94      0     1     1     1     1     0     1     0     0     0
   95      1     1     1     1     1     0     1     0     0     0
   96      0     0     0     0     0     1     1     0     0     0
   97      1     0     0     0     0     1     1     0     0     0
   98      0     1     0     0     0     1     1     0     0     0
   99      1     1     0     0     0     1     1     0     0     0
  100      0     0     1     0     0     1     1     0     0     0
  101      1     0     1     0     0     1     1     0     0     0
  102      0     1     1     0     0     1     1     0     0     0
  103      1     1     1     0     0     1     1     0     0     0
  104      0     0     0     1     0     1     1     0     0     0
  105      1     0     0     1     0     1     1     0     0     0
  106      0     1     0     1     0     1     1     0     0     0
  107      1     1     0     1     0     1     1     0     0     0
  108      0     0     1     1     0     1     1     0     0     0
  109      1     0     1     1     0     1     1     0     0     0
  110      0     1     1     1     0     1     1     0     0     0
  111      1     1     1     1     0     1     1     0     0     0
  112      0     0     0     0     1     1     1     0     0     0
  113      1     0     0     0     1     1     1     0     0     0
  114      0     1     0     0     1     1     1     0     0     0
  115      1     1     0     0     1     1     1     0     0     0
  116      0     0     1     0     1     1     1     0     0     0
  117      1     0     1     0     1     1     1     0     0     0
  118      0     1     1     0     1     1     1     0     0     0
  119      1     1     1     0     1     1     1     0     0     0
  120      0     0     0     1     1     1     1     0     0     0
  121      1     0     0     1     1     1     1     0     0     0
  122      0     1     0     1     1     1     1     0     0     0
  123      1     1     0     1     1     1     1     0     0     0
  124      0     0     1     1     1     1     1     0     0     0
  125      1     0     1     1     1     1     1     0     0     0
  126      0     1     1     1     1     1     1     0     0     0
  127      1     1     1     1     1     1     1     0     0     0
  128      0     0     0     0     0     0     0     1     0     0
  129      1     0     0     0     0     0     0     1     0     0
  130      0     1     0     0     0     0     0     1     0     0
  131      1     1     0     0     0     0     0     1     0     0
  132      0     0     1     0     0     0     0     1     0     0
  133      1     0     1     0     0     0     0     1     0     0
  134      0     1     1     0     0     0     0     1     0     0
  135      1     1     1     0     0     0     0     1     0     0
  136      0     0     0     1     0     0     0     1     0     0
  137      1     0     0     1     0     0     0     1     0     0
  138      0     1     0     1     0     0     0     1     0     0
  139      1     1     0     1     0     0     0     1     0     0
  140      0     0     1     1     0     0     0     1     0     0
  141      1     0     1     1     0     0     0     1     0     0
  142      0     1     1     1     0     0     0     1     0     0
  143      1     1     1     1     0     0     0     1     0     0
  144      0     0     0     0     1     0     0     1     0     0
  145      1     0     0     0     1     0     0     1     0     0
  146      0     1     0     0     1     0     0     1     0     0
  147      1     1     0     0     1     0     0     1     0     0
  148      0     0     1     0     1     0     0     1     0     0
  149      1     0     1     0     1     0     0     1     0     0
  150      0     1     1     0     1     0     0     1     0     0
  151      1     1     1     0     1     0     0     1     0     0
  152      0     0     0     1     1     0     0     1     0     0
  153      1     0     0     1     1     0     0     1     0     0
  154      0     1     0     1     1     0     0     1     0     0
  155      1     1     0     1     1     0     0     1     0     0
  156      0     0     1     1     1     0     0     1     0     0
  157      1     0     1     1     1     0     0     1     0     0
  158      0     1     1     1     1     0     0     1     0     0
  159      1     1     1     1     1     0     0     1     0     0
  160      0     0     0     0     0     1     0     1     0     0
  161      1     0     0     0     0     1     0     1     0     0
  162      0     1     0     0     0     1     0     1     0     0
  163      1     1     0     0     0     1     0     1     0     0
  164      0     0     1     0     0     1     0     1     0     0
  165      1     0     1     0     0     1     0     1     0     0
  166      0     1     1     0     0     1     0     1     0     0
  167      1     1     1     0     0     1     0     1     0     0
  168      0     0     0     1     0     1     0     1     0     0
  169      1     0     0     1     0     1     0     1     0     0
  170      0     1     0     1     0     1     0     1     0     0
  171      1     1     0     1     0     1     0     1     0     0
  172      0     0     1     1     0     1     0     1     0     0
  173      1     0     1     1     0     1     0     1     0     0
  174      0     1     1     1     0     1     0     1     0     0
  175      1     1     1     1     0     1     0     1     0     0
  176      0     0     0     0     1     1     0     1     0     0
  177      1     0     0     0     1     1     0     1     0     0
  178      0     1     0     0     1     1     0     1     0     0
  179      1     1     0     0     1     1     0     1     0     0
  180      0     0     1     0     1     1     0     1     0     0
  181      1     0     1     0     1     1     0     1     0     0
  182      0     1     1     0     1     1     0     1     0     0
  183      1     1     1     0     1     1     0     1     0     0
  184      0     0     0     1     1     1     0     1     0     0
  185      1     0     0     1     1     1     0     1     0     0
  186      0     1     0     1     1     1     0     1     0     0
  187      1     1     0     1     1     1     0     1     0     0
  188      0     0     1     1     1     1     0     1     0     0
  189      1     0     1     1     1     1     0     1     0     0
  190      0     1     1     1     1     1     0     1     0     0
  191      1     1     1     1     1     1     0     1     0     0
  192      0     0     0     0     0     0     1     1     0     0
  193      1     0     0     0     0     0     1     1     0     0
  194      0     1     0     0     0     0     1     1     0     0
  195      1     1     0     0     0     0     1     1     0     0
  196      0     0     1     0     0     0     1     1     0     0
  197      1     0     1     0     0     0     1     1     0     0
  198      0     1     1     0     0     0     1     1     0     0
  199      1     1     1     0     0     0     1     1     0     0
  200      0     0     0     1     0     0     1     1     0     0
  201      1     0     0     1     0     0     1     1     0     0
  202      0     1     0     1     0     0     1     1     0     0
  203      1     1     0     1     0     0     1     1     0     0
  204      0     0     1     1     0     0     1     1     0     0
  205      1     0     1     1     0     0     1     1     0     0
  206      0     1     1     1     0     0     1     1     0     0
  207      1     1     1     1     0     0     1     1     0     0
  208      0     0     0     0     1     0     1     1     0     0
  209      1     0     0     0     1     0     1     1     0     0
  210      0     1     0     0     1     0     1     1     0     0
  211      1     1     0     0     1     0     1     1     0     0
  212      0     0     1     0     1     0     1     1     0     0
  213      1     0     1     0     1     0     1     1     0     0
  214      0     1     1     0     1     0     1     1     0     0
  215      1     1     1     0     1     0     1     1     0     0
  216      0     0     0     1     1     0     1     1     0     0
  217      1     0     0     1     1     0     1     1     0     0
  218      0     1     0     1     1     0     1     1     0     0
  219      1     1     0     1     1     0     1     1     0     0
  220      0     0     1     1     1     0     1     1     0     0
  221      1     0     1     1     1     0     1     1     0     0
  222      0     1     1     1     1     0     1     1     0     0
  223      1     1     1     1     1     0     1     1     0     0
  224      0     0     0     0     0     1     1     1     0     0
  225      1     0     0     0     0     1     1     1     0     0
  226      0     1     0     0     0     1     1     1     0     0
  227      1     1     0     0     0     1     1     1     0     0
  228      0     0     1     0     0     1     1     1     0     0
  229      1     0     1     0     0     1     1     1     0     0
  230      0     1     1     0     0     1     1     1     0     0
  231      1     1     1     0     0     1     1     1     0     0
  232      0     0     0     1     0     1     1     1     0     0
  233      1     0     0     1     0     1     1     1     0     0
  234      0     1     0     1     0     1     1     1     0     0
  235      1     1     0     1     0     1     1     1     0     0
  236      0     0     1     1     0     1     1     1     0     0
  237      1     0     1     1     0     1     1     1     0     0
  238      0     1     1     1     0     1     1     1     0     0
  239      1     1     1     1     0     1     1     1     0     0
  240      0     0     0     0     1     1     1     1     0     0
  241      1     0     0     0     1     1     1     1     0     0
  242      0     1     0     0     1     1     1     1     0     0
  243      1     1     0     0     1     1     1     1     0     0
  244      0     0     1     0     1     1     1     1     0     0
  245      1     0     1     0     1     1     1     1     0     0
  246      0     1     1     0     1     1     1     1     0     0
  247      1     1     1     0     1     1     1     1     0     0
  248      0     0     0     1     1     1     1     1     0     0
  249      1     0     0     1     1     1     1     1     0     0
  250      0     1     0     1     1     1     1     1     0     0
  251      1     1     0     1     1     1     1     1     0     0
  252      0     0     1     1     1     1     1     1     0     0
  253      1     0     1     1     1     1     1     1     0     0
  254      0     1     1     1     1     1     1     1     0     0
  255      1     1     1     1     1     1     1     1     0     0
  256      0     0     0     0     0     0     0     0     1     0
  257      1     0     0     0     0     0     0     0     1     0
  258      0     1     0     0     0     0     0     0     1     0
  259      1     1     0     0     0     0     0     0     1     0
  260      0     0     1     0     0     0     0     0     1     0
  261      1     0     1     0     0     0     0     0     1     0
  262      0     1     1     0     0     0     0     0     1     0
  263      1     1     1     0     0     0     0     0     1     0
  264      0     0     0     1     0     0     0     0     1     0
  265      1     0     0     1     0     0     0     0     1     0
  266      0     1     0     1     0     0     0     0     1     0
  267      1     1     0     1     0     0     0     0     1     0
  268      0     0     1     1     0     0     0     0     1     0
  269      1     0     1     1     0     0     0     0     1     0
  270      0     1     1     1     0     0     0     0     1     0
  271      1     1     1     1     0     0     0     0     1     0
  272      0     0     0     0     1     0     0     0     1     0
  273      1     0     0     0     1     0     0     0     1     0
  274      0     1     0     0     1     0     0     0     1     0
  275      1     1     0     0     1     0     0     0     1     0
  276      0     0     1     0     1     0     0     0     1     0
  277      1     0     1     0     1     0     0     0     1     0
  278      0     1     1     0     1     0     0     0     1     0
  279      1     1     1     0     1     0     0     0     1     0
  280      0     0     0     1     1     0     0     0     1     0
  281      1     0     0     1     1     0     0     0     1     0
  282      0     1     0     1     1     0     0     0     1     0
  283      1     1     0     1     1     0     0     0     1     0
  284      0     0     1     1     1     0     0     0     1     0
  285      1     0     1     1     1     0     0     0     1     0
  286      0     1     1     1     1     0     0     0     1     0
  287      1     1     1     1     1     0     0     0     1     0
  288      0     0     0     0     0     1     0     0     1     0
  289      1     0     0     0     0     1     0     0     1     0
  290      0     1     0     0     0     1     0     0     1     0
  291      1     1     0     0     0     1     0     0     1     0
  292      0     0     1     0     0     1     0     0     1     0
  293      1     0     1     0     0     1     0     0     1     0
  294      0     1     1     0     0     1     0     0     1     0
  295      1     1     1     0     0     1     0     0     1     0
  296      0     0     0     1     0     1     0     0     1     0
  297      1     0     0     1     0     1     0     0     1     0
  298      0     1     0     1     0     1     0     0     1     0
  299      1     1     0     1     0     1     0     0     1     0
  300      0     0     1     1     0     1     0     0     1     0
  301      1     0     1     1     0     1     0     0     1     0
  302      0     1     1     1     0     1     0     0     1     0
  303      1     1     1     1     0     1     0     0     1     0
  304      0     0     0     0     1     1     0     0     1     0
  305      1     0     0     0     1     1     0     0     1     0
  306      0     1     0     0     1     1     0     0     1     0
  307      1     1     0     0     1     1     0     0     1     0
  308      0     0     1     0     1     1     0     0     1     0
  309      1     0     1     0     1     1     0     0     1     0
  310      0     1     1     0     1     1     0     0     1     0
  311      1     1     1     0     1     1     0     0     1     0
  312      0     0     0     1     1     1     0     0     1     0
  313      1     0     0     1     1     1     0     0     1     0
  314      0     1     0     1     1     1     0     0     1     0
  315      1     1     0     1     1     1     0     0     1     0
  316      0     0     1     1     1     1     0     0     1     0
  317      1     0     1     1     1     1     0     0     1     0
  318      0     1     1     1     1     1     0     0     1     0
  319      1     1     1     1     1     1     0     0     1     0
  320      0     0     0     0     0     0     1     0     1     0
  321      1     0     0     0     0     0     1     0     1     0
  322      0     1     0     0     0     0     1     0     1     0
  323      1     1     0     0     0     0     1     0     1     0
  324      0     0     1     0     0     0     1     0     1     0
  325      1     0     1     0     0     0     1     0     1     0
  326      0     1     1     0     0     0     1     0     1     0
  327      1     1     1     0     0     0     1     0     1     0
  328      0     0     0     1     0     0     1     0     1     0
  329      1     0     0     1     0     0     1     0     1     0
  330      0     1     0     1     0     0     1     0     1     0
  331      1     1     0     1     0     0     1     0     1     0
  332      0     0     1     1     0     0     1     0     1     0
  333      1     0     1     1     0     0     1     0     1     0
  334      0     1     1     1     0     0     1     0     1     0
  335      1     1     1     1     0     0     1     0     1     0
  336      0     0     0     0     1     0     1     0     1     0
  337      1     0     0     0     1     0     1     0     1     0
  338      0     1     0     0     1     0     1     0     1     0
  339      1     1     0     0     1     0     1     0     1     0
  340      0     0     1     0     1     0     1     0     1     0
  341      1     0     1     0     1     0     1     0     1     0
  342      0     1     1     0     1     0     1     0     1     0
  343      1     1     1     0     1     0     1     0     1     0
  344      0     0     0     1     1     0     1     0     1     0
  345      1     0     0     1     1     0     1     0     1     0
  346      0     1     0     1     1     0     1     0     1     0
  347      1     1     0     1     1     0     1     0     1     0
  348      0     0     1     1     1     0     1     0     1     0
  349      1     0     1     1     1     0     1     0     1     0
  350      0     1     1     1     1     0     1     0     1     0
  351      1     1     1     1     1     0     1     0     1     0
  352      0     0     0     0     0     1     1     0     1     0
  353      1     0     0     0     0     1     1     0     1     0
  354      0     1     0     0     0     1     1     0     1     0
  355      1     1     0     0     0     1     1     0     1     0
  356      0     0     1     0     0     1     1     0     1     0
  357      1     0     1     0     0     1     1     0     1     0
  358      0     1     1     0     0     1     1     0     1     0
  359      1     1     1     0     0     1     1     0     1     0
  360      0     0     0     1     0     1     1     0     1     0
  361      1     0     0     1     0     1     1     0     1     0
  362      0     1     0     1     0     1     1     0     1     0
  363      1     1     0     1     0     1     1     0     1     0
  364      0     0     1     1     0     1     1     0     1     0
  365      1     0     1     1     0     1     1     0     1     0
  366      0     1     1     1     0     1     1     0     1     0
  367      1     1     1     1     0     1     1     0     1     0
  368      0     0     0     0     1     1     1     0     1     0
  369      1     0     0     0     1     1     1     0     1     0
  370      0     1     0     0     1     1     1     0     1     0
  371      1     1     0     0     1     1     1     0     1     0
  372      0     0     1     0     1     1     1     0     1     0
  373      1     0     1     0     1     1     1     0     1     0
  374      0     1     1     0     1     1     1     0     1     0
  375      1     1     1     0     1     1     1     0     1     0
  376      0     0     0     1     1     1     1     0     1     0
  377      1     0     0     1     1     1     1     0     1     0
  378      0     1     0     1     1     1     1     0     1     0
  379      1     1     0     1     1     1     1     0     1     0
  380      0     0     1     1     1     1     1     0     1     0
  381      1     0     1     1     1     1     1     0     1     0
  382      0     1     1     1     1     1     1     0     1     0
  383      1     1     1     1     1     1     1     0     1     0
  384      0     0     0     0     0     0     0     1     1     0
  385      1     0     0     0     0     0     0     1     1     0
  386      0     1     0     0     0     0     0     1     1     0
  387      1     1     0     0     0     0     0     1     1     0
  388      0     0     1     0     0     0     0     1     1     0
  389      1     0     1     0     0     0     0     1     1     0
  390      0     1     1     0     0     0     0     1     1     0
  391      1     1     1     0     0     0     0     1     1     0
  392      0     0     0     1     0     0     0     1     1     0
  393      1     0     0     1     0     0     0     1     1     0
  394      0     1     0     1     0     0     0     1     1     0
  395      1     1     0     1     0     0     0     1     1     0
  396      0     0     1     1     0     0     0     1     1     0
  397      1     0     1     1     0     0     0     1     1     0
  398      0     1     1     1     0     0     0     1     1     0
  399      1     1     1     1     0     0     0     1     1     0
  400      0     0     0     0     1     0     0     1     1     0
  401      1     0     0     0     1     0     0     1     1     0
  402      0     1     0     0     1     0     0     1     1     0
  403      1     1     0     0     1     0     0     1     1     0
  404      0     0     1     0     1     0     0     1     1     0
  405      1     0     1     0     1     0     0     1     1     0
  406      0     1     1     0     1     0     0     1     1     0
  407      1     1     1     0     1     0     0     1     1     0
  408      0     0     0     1     1     0     0     1     1     0
  409      1     0     0     1     1     0     0     1     1     0
  410      0     1     0     1     1     0     0     1     1     0
  411      1     1     0     1     1     0     0     1     1     0
  412      0     0     1     1     1     0     0     1     1     0
  413      1     0     1     1     1     0     0     1     1     0
  414      0     1     1     1     1     0     0     1     1     0
  415      1     1     1     1     1     0     0     1     1     0
  416      0     0     0     0     0     1     0     1     1     0
  417      1     0     0     0     0     1     0     1     1     0
  418      0     1     0     0     0     1     0     1     1     0
  419      1     1     0     0     0     1     0     1     1     0
  420      0     0     1     0     0     1     0     1     1     0
  421      1     0     1     0     0     1     0     1     1     0
  422      0     1     1     0     0     1     0     1     1     0
  423      1     1     1     0     0     1     0     1     1     0
  424      0     0     0     1     0     1     0     1     1     0
  425      1     0     0     1     0     1     0     1     1     0
  426      0     1     0     1     0     1     0     1     1     0
  427      1     1     0     1     0     1     0     1     1     0
  428      0     0     1     1     0     1     0     1     1     0
  429      1     0     1     1     0     1     0     1     1     0
  430      0     1     1     1     0     1     0     1     1     0
  431      1     1     1     1     0     1     0     1     1     0
  432      0     0     0     0     1     1     0     1     1     0
  433      1     0     0     0     1     1     0     1     1     0
  434      0     1     0     0     1     1     0     1     1     0
  435      1     1     0     0     1     1     0     1     1     0
  436      0     0     1     0     1     1     0     1     1     0
  437      1     0     1     0     1     1     0     1     1     0
  438      0     1     1     0     1     1     0     1     1     0
  439      1     1     1     0     1     1     0     1     1     0
  440      0     0     0     1     1     1     0     1     1     0
  441      1     0     0     1     1     1     0     1     1     0
  442      0     1     0     1     1     1     0     1     1     0
  443      1     1     0     1     1     1     0     1     1     0
  444      0     0     1     1     1     1     0     1     1     0
  445      1     0     1     1     1     1     0     1     1     0
  446      0     1     1     1     1     1     0     1     1     0
  447      1     1     1     1     1     1     0     1     1     0
  448      0     0     0     0     0     0     1     1     1     0
  449      1     0     0     0     0     0     1     1     1     0
  450      0     1     0     0     0     0     1     1     1     0
  451      1     1     0     0     0     0     1     1     1     0
  452      0     0     1     0     0     0     1     1     1     0
  453      1     0     1     0     0     0     1     1     1     0
  454      0     1     1     0     0     0     1     1     1     0
  455      1     1     1     0     0     0     1     1     1     0
  456      0     0     0     1     0     0     1     1     1     0
  457      1     0     0     1     0     0     1     1     1     0
  458      0     1     0     1     0     0     1     1     1     0
  459      1     1     0     1     0     0     1     1     1     0
  460      0     0     1     1     0     0     1     1     1     0
  461      1     0     1     1     0     0     1     1     1     0
  462      0     1     1     1     0     0     1     1     1     0
  463      1     1     1     1     0     0     1     1     1     0
  464      0     0     0     0     1     0     1     1     1     0
  465      1     0     0     0     1     0     1     1     1     0
  466      0     1     0     0     1     0     1     1     1     0
  467      1     1     0     0     1     0     1     1     1     0
  468      0     0     1     0     1     0     1     1     1     0
  469      1     0     1     0     1     0     1     1     1     0
  470      0     1     1     0     1     0     1     1     1     0
  471      1     1     1     0     1     0     1     1     1     0
  472      0     0     0     1     1     0     1     1     1     0
  473      1     0     0     1     1     0     1     1     1     0
  474      0     1     0     1     1     0     1     1     1     0
  475      1     1     0     1     1     0     1     1     1     0
  476      0     0     1     1     1     0     1     1     1     0
  477      1     0     1     1     1     0     1     1     1     0
  478      0     1     1     1     1     0     1     1     1     0
  479      1     1     1     1     1     0     1     1     1     0
  480      0     0     0     0     0     1     1     1     1     0
  481      1     0     0     0     0     1     1     1     1     0
  482      0     1     0     0     0     1     1     1     1     0
  483      1     1     0     0     0     1     1     1     1     0
  484      0     0     1     0     0     1     1     1     1     0
  485      1     0     1     0     0     1     1     1     1     0
  486      0     1     1     0     0     1     1     1     1     0
  487      1     1     1     0     0     1     1     1     1     0
  488      0     0     0     1     0     1     1     1     1     0
  489      1     0     0     1     0     1     1     1     1     0
  490      0     1     0     1     0     1     1     1     1     0
  491      1     1     0     1     0     1     1     1     1     0
  492      0     0     1     1     0     1     1     1     1     0
  493      1     0     1     1     0     1     1     1     1     0
  494      0     1     1     1     0     1     1     1     1     0
  495      1     1     1     1     0     1     1     1     1     0
  496      0     0     0     0     1     1     1     1     1     0
  497      1     0     0     0     1     1     1     1     1     0
  498      0     1     0     0     1     1     1     1     1     0
  499      1     1     0     0     1     1     1     1     1     0
  500      0     0     1     0     1     1     1     1     1     0
  501      1     0     1     0     1     1     1     1     1     0
  502      0     1     1     0     1     1     1     1     1     0
  503      1     1     1     0     1     1     1     1     1     0
  504      0     0     0     1     1     1     1     1     1     0
  505      1     0     0     1     1     1     1     1     1     0
  506      0     1     0     1     1     1     1     1     1     0
  507      1     1     0     1     1     1     1     1     1     0
  508      0     0     1     1     1     1     1     1     1     0
  509      1     0     1     1     1     1     1     1     1     0
  510      0     1     1     1     1     1     1     1     1     0
  511      1     1     1     1     1     1     1     1     1     0
  512      0     0     0     0     0     0     0     0     0     1
  513      1     0     0     0     0     0     0     0     0     1
  514      0     1     0     0     0     0     0     0     0     1
  515      1     1     0     0     0     0     0     0     0     1
  516      0     0     1     0     0     0     0     0     0     1
  517      1     0     1     0     0     0     0     0     0     1
  518      0     1     1     0     0     0     0     0     0     1
  519      1     1     1     0     0     0     0     0     0     1
  520      0     0     0     1     0     0     0     0     0     1
  521      1     0     0     1     0     0     0     0     0     1
  522      0     1     0     1     0     0     0     0     0     1
  523      1     1     0     1     0     0     0     0     0     1
  524      0     0     1     1     0     0     0     0     0     1
  525      1     0     1     1     0     0     0     0     0     1
  526      0     1     1     1     0     0     0     0     0     1
  527      1     1     1     1     0     0     0     0     0     1
  528      0     0     0     0     1     0     0     0     0     1
  529      1     0     0     0     1     0     0     0     0     1
  530      0     1     0     0     1     0     0     0     0     1
  531      1     1     0     0     1     0     0     0     0     1
  532      0     0     1     0     1     0     0     0     0     1
  533      1     0     1     0     1     0     0     0     0     1
  534      0     1     1     0     1     0     0     0     0     1
  535      1     1     1     0     1     0     0     0     0     1
  536      0     0     0     1     1     0     0     0     0     1
  537      1     0     0     1     1     0     0     0     0     1
  538      0     1     0     1     1     0     0     0     0     1
  539      1     1     0     1     1     0     0     0     0     1
  540      0     0     1     1     1     0     0     0     0     1
  541      1     0     1     1     1     0     0     0     0     1
  542      0     1     1     1     1     0     0     0     0     1
  543      1     1     1     1     1     0     0     0     0     1
  544      0     0     0     0     0     1     0     0     0     1
  545      1     0     0     0     0     1     0     0     0     1
  546      0     1     0     0     0     1     0     0     0     1
  547      1     1     0     0     0     1     0     0     0     1
  548      0     0     1     0     0     1     0     0     0     1
  549      1     0     1     0     0     1     0     0     0     1
  550      0     1     1     0     0     1     0     0     0     1
  551      1     1     1     0     0     1     0     0     0     1
  552      0     0     0     1     0     1     0     0     0     1
  553      1     0     0     1     0     1     0     0     0     1
  554      0     1     0     1     0     1     0     0     0     1
  555      1     1     0     1     0     1     0     0     0     1
  556      0     0     1     1     0     1     0     0     0     1
  557      1     0     1     1     0     1     0     0     0     1
  558      0     1     1     1     0     1     0     0     0     1
  559      1     1     1     1     0     1     0     0     0     1
  560      0     0     0     0     1     1     0     0     0     1
  561      1     0     0     0     1     1     0     0     0     1
  562      0     1     0     0     1     1     0     0     0     1
  563      1     1     0     0     1     1     0     0     0     1
  564      0     0     1     0     1     1     0     0     0     1
  565      1     0     1     0     1     1     0     0     0     1
  566      0     1     1     0     1     1     0     0     0     1
  567      1     1     1     0     1     1     0     0     0     1
  568      0     0     0     1     1     1     0     0     0     1
  569      1     0     0     1     1     1     0     0     0     1
  570      0     1     0     1     1     1     0     0     0     1
  571      1     1     0     1     1     1     0     0     0     1
  572      0     0     1     1     1     1     0     0     0     1
  573      1     0     1     1     1     1     0     0     0     1
  574      0     1     1     1     1     1     0     0     0     1
  575      1     1     1     1     1     1     0     0     0     1
  576      0     0     0     0     0     0     1     0     0     1
  577      1     0     0     0     0     0     1     0     0     1
  578      0     1     0     0     0     0     1     0     0     1
  579      1     1     0     0     0     0     1     0     0     1
  580      0     0     1     0     0     0     1     0     0     1
  581      1     0     1     0     0     0     1     0     0     1
  582      0     1     1     0     0     0     1     0     0     1
  583      1     1     1     0     0     0     1     0     0     1
  584      0     0     0     1     0     0     1     0     0     1
  585      1     0     0     1     0     0     1     0     0     1
  586      0     1     0     1     0     0     1     0     0     1
  587      1     1     0     1     0     0     1     0     0     1
  588      0     0     1     1     0     0     1     0     0     1
  589      1     0     1     1     0     0     1     0     0     1
  590      0     1     1     1     0     0     1     0     0     1
  591      1     1     1     1     0     0     1     0     0     1
  592      0     0     0     0     1     0     1     0     0     1
  593      1     0     0     0     1     0     1     0     0     1
  594      0     1     0     0     1     0     1     0     0     1
  595      1     1     0     0     1     0     1     0     0     1
  596      0     0     1     0     1     0     1     0     0     1
  597      1     0     1     0     1     0     1     0     0     1
  598      0     1     1     0     1     0     1     0     0     1
  599      1     1     1     0     1     0     1     0     0     1
  600      0     0     0     1     1     0     1     0     0     1
  601      1     0     0     1     1     0     1     0     0     1
  602      0     1     0     1     1     0     1     0     0     1
  603      1     1     0     1     1     0     1     0     0     1
  604      0     0     1     1     1     0     1     0     0     1
  605      1     0     1     1     1     0     1     0     0     1
  606      0     1     1     1     1     0     1     0     0     1
  607      1     1     1     1     1     0     1     0     0     1
  608      0     0     0     0     0     1     1     0     0     1
  609      1     0     0     0     0     1     1     0     0     1
  610      0     1     0     0     0     1     1     0     0     1
  611      1     1     0     0     0     1     1     0     0     1
  612      0     0     1     0     0     1     1     0     0     1
  613      1     0     1     0     0     1     1     0     0     1
  614      0     1     1     0     0     1     1     0     0     1
  615      1     1     1     0     0     1     1     0     0     1
  616      0     0     0     1     0     1     1     0     0     1
  617      1     0     0     1     0     1     1     0     0     1
  618      0     1     0     1     0     1     1     0     0     1
  619      1     1     0     1     0     1     1     0     0     1
  620      0     0     1     1     0     1     1     0     0     1
  621      1     0     1     1     0     1     1     0     0     1
  622      0     1     1     1     0     1     1     0     0     1
  623      1     1     1     1     0     1     1     0     0     1
  624      0     0     0     0     1     1     1     0     0     1
  625      1     0     0     0     1     1     1     0     0     1
  626      0     1     0     0     1     1     1     0     0     1
  627      1     1     0     0     1     1     1     0     0     1
  628      0     0     1     0     1     1     1     0     0     1
  629      1     0     1     0     1     1     1     0     0     1
  630      0     1     1     0     1     1     1     0     0     1
  631      1     1     1     0     1     1     1     0     0     1
  632      0     0     0     1     1     1     1     0     0     1
  633      1     0     0     1     1     1     1     0     0     1
  634      0     1     0     1     1     1     1     0     0     1
  635      1     1     0     1     1     1     1     0     0     1
  636      0     0     1     1     1     1     1     0     0     1
  637      1     0     1     1     1     1     1     0     0     1
  638      0     1     1     1     1     1     1     0     0     1
  639      1     1     1     1     1     1     1     0     0     1
  640      0     0     0     0     0     0     0     1     0     1
  641      1     0     0     0     0     0     0     1     0     1
  642      0     1     0     0     0     0     0     1     0     1
  643      1     1     0     0     0     0     0     1     0     1
  644      0     0     1     0     0     0     0     1     0     1
  645      1     0     1     0     0     0     0     1     0     1
  646      0     1     1     0     0     0     0     1     0     1
  647      1     1     1     0     0     0     0     1     0     1
  648      0     0     0     1     0     0     0     1     0     1
  649      1     0     0     1     0     0     0     1     0     1
  650      0     1     0     1     0     0     0     1     0     1
  651      1     1     0     1     0     0     0     1     0     1
  652      0     0     1     1     0     0     0     1     0     1
  653      1     0     1     1     0     0     0     1     0     1
  654      0     1     1     1     0     0     0     1     0     1
  655      1     1     1     1     0     0     0     1     0     1
  656      0     0     0     0     1     0     0     1     0     1
  657      1     0     0     0     1     0     0     1     0     1
  658      0     1     0     0     1     0     0     1     0     1
  659      1     1     0     0     1     0     0     1     0     1
  660      0     0     1     0     1     0     0     1     0     1
  661      1     0     1     0     1     0     0     1     0     1
  662      0     1     1     0     1     0     0     1     0     1
  663      1     1     1     0     1     0     0     1     0     1
  664      0     0     0     1     1     0     0     1     0     1
  665      1     0     0     1     1     0     0     1     0     1
  666      0     1     0     1     1     0     0     1     0     1
  667      1     1     0     1     1     0     0     1     0     1
  668      0     0     1     1     1     0     0     1     0     1
  669      1     0     1     1     1     0     0     1     0     1
  670      0     1     1     1     1     0     0     1     0     1
  671      1     1     1     1     1     0     0     1     0     1
  672      0     0     0     0     0     1     0     1     0     1
  673      1     0     0     0     0     1     0     1     0     1
  674      0     1     0     0     0     1     0     1     0     1
  675      1     1     0     0     0     1     0     1     0     1
  676      0     0     1     0     0     1     0     1     0     1
  677      1     0     1     0     0     1     0     1     0     1
  678      0     1     1     0     0     1     0     1     0     1
  679      1     1     1     0     0     1     0     1     0     1
  680      0     0     0     1     0     1     0     1     0     1
  681      1     0     0     1     0     1     0     1     0     1
  682      0     1     0     1     0     1     0     1     0     1
  683      1     1     0     1     0     1     0     1     0     1
  684      0     0     1     1     0     1     0     1     0     1
  685      1     0     1     1     0     1     0     1     0     1
  686      0     1     1     1     0     1     0     1     0     1
  687      1     1     1     1     0     1     0     1     0     1
  688      0     0     0     0     1     1     0     1     0     1
  689      1     0     0     0     1     1     0     1     0     1
  690      0     1     0     0     1     1     0     1     0     1
  691      1     1     0     0     1     1     0     1     0     1
  692      0     0     1     0     1     1     0     1     0     1
  693      1     0     1     0     1     1     0     1     0     1
  694      0     1     1     0     1     1     0     1     0     1
  695      1     1     1     0     1     1     0     1     0     1
  696      0     0     0     1     1     1     0     1     0     1
  697      1     0     0     1     1     1     0     1     0     1
  698      0     1     0     1     1     1     0     1     0     1
  699      1     1     0     1     1     1     0     1     0     1
  700      0     0     1     1     1     1     0     1     0     1
  701      1     0     1     1     1     1     0     1     0     1
  702      0     1     1     1     1     1     0     1     0     1
  703      1     1     1     1     1     1     0     1     0     1
  704      0     0     0     0     0     0     1     1     0     1
  705      1     0     0     0     0     0     1     1     0     1
  706      0     1     0     0     0     0     1     1     0     1
  707      1     1     0     0     0     0     1     1     0     1
  708      0     0     1     0     0     0     1     1     0     1
  709      1     0     1     0     0     0     1     1     0     1
  710      0     1     1     0     0     0     1     1     0     1
  711      1     1     1     0     0     0     1     1     0     1
  712      0     0     0     1     0     0     1     1     0     1
  713      1     0     0     1     0     0     1     1     0     1
  714      0     1     0     1     0     0     1     1     0     1
  715      1     1     0     1     0     0     1     1     0     1
  716      0     0     1     1     0     0     1     1     0     1
  717      1     0     1     1     0     0     1     1     0     1
  718      0     1     1     1     0     0     1     1     0     1
  719      1     1     1     1     0     0     1     1     0     1
  720      0     0     0     0     1     0     1     1     0     1
  721      1     0     0     0     1     0     1     1     0     1
  722      0     1     0     0     1     0     1     1     0     1
  723      1     1     0     0     1     0     1     1     0     1
  724      0     0     1     0     1     0     1     1     0     1
  725      1     0     1     0     1     0     1     1     0     1
  726      0     1     1     0     1     0     1     1     0     1
  727      1     1     1     0     1     0     1     1     0     1
  728      0     0     0     1     1     0     1     1     0     1
  729      1     0     0     1     1     0     1     1     0     1
  730      0     1     0     1     1     0     1     1     0     1
  731      1     1     0     1     1     0     1     1     0     1
  732      0     0     1     1     1     0     1     1     0     1
  733      1     0     1     1     1     0     1     1     0     1
  734      0     1     1     1     1     0     1     1     0     1
  735      1     1     1     1     1     0     1     1     0     1
  736      0     0     0     0     0     1     1     1     0     1
  737      1     0     0     0     0     1     1     1     0     1
  738      0     1     0     0     0     1     1     1     0     1
  739      1     1     0     0     0     1     1     1     0     1
  740      0     0     1     0     0     1     1     1     0     1
  741      1     0     1     0     0     1     1     1     0     1
  742      0     1     1     0     0     1     1     1     0     1
  743      1     1     1     0     0     1     1     1     0     1
  744      0     0     0     1     0     1     1     1     0     1
  745      1     0     0     1     0     1     1     1     0     1
  746      0     1     0     1     0     1     1     1     0     1
  747      1     1     0     1     0     1     1     1     0     1
  748      0     0     1     1     0     1     1     1     0     1
  749      1     0     1     1     0     1     1     1     0     1
  750      0     1     1     1     0     1     1     1     0     1
  751      1     1     1     1     0     1     1     1     0     1
  752      0     0     0     0     1     1     1     1     0     1
  753      1     0     0     0     1     1     1     1     0     1
  754      0     1     0     0     1     1     1     1     0     1
  755      1     1     0     0     1     1     1     1     0     1
  756      0     0     1     0     1     1     1     1     0     1
  757      1     0     1     0     1     1     1     1     0     1
  758      0     1     1     0     1     1     1     1     0     1
  759      1     1     1     0     1     1     1     1     0     1
  760      0     0     0     1     1     1     1     1     0     1
  761      1     0     0     1     1     1     1     1     0     1
  762      0     1     0     1     1     1     1     1     0     1
  763      1     1     0     1     1     1     1     1     0     1
  764      0     0     1     1     1     1     1     1     0     1
  765      1     0     1     1     1     1     1     1     0     1
  766      0     1     1     1     1     1     1     1     0     1
  767      1     1     1     1     1     1     1     1     0     1
  768      0     0     0     0     0     0     0     0     1     1
  769      1     0     0     0     0     0     0     0     1     1
  770      0     1     0     0     0     0     0     0     1     1
  771      1     1     0     0     0     0     0     0     1     1
  772      0     0     1     0     0     0     0     0     1     1
  773      1     0     1     0     0     0     0     0     1     1
  774      0     1     1     0     0     0     0     0     1     1
  775      1     1     1     0     0     0     0     0     1     1
  776      0     0     0     1     0     0     0     0     1     1
  777      1     0     0     1     0     0     0     0     1     1
  778      0     1     0     1     0     0     0     0     1     1
  779      1     1     0     1     0     0     0     0     1     1
  780      0     0     1     1     0     0     0     0     1     1
  781      1     0     1     1     0     0     0     0     1     1
  782      0     1     1     1     0     0     0     0     1     1
  783      1     1     1     1     0     0     0     0     1     1
  784      0     0     0     0     1     0     0     0     1     1
  785      1     0     0     0     1     0     0     0     1     1
  786      0     1     0     0     1     0     0     0     1     1
  787      1     1     0     0     1     0     0     0     1     1
  788      0     0     1     0     1     0     0     0     1     1
  789      1     0     1     0     1     0     0     0     1     1
  790      0     1     1     0     1     0     0     0     1     1
  791      1     1     1     0     1     0     0     0     1     1
  792      0     0     0     1     1     0     0     0     1     1
  793      1     0     0     1     1     0     0     0     1     1
  794      0     1     0     1     1     0     0     0     1     1
  795      1     1     0     1     1     0     0     0     1     1
  796      0     0     1     1     1     0     0     0     1     1
  797      1     0     1     1     1     0     0     0     1     1
  798      0     1     1     1     1     0     0     0     1     1
  799      1     1     1     1     1     0     0     0     1     1
  800      0     0     0     0     0     1     0     0     1     1
  801      1     0     0     0     0     1     0     0     1     1
  802      0     1     0     0     0     1     0     0     1     1
  803      1     1     0     0     0     1     0     0     1     1
  804      0     0     1     0     0     1     0     0     1     1
  805      1     0     1     0     0     1     0     0     1     1
  806      0     1     1     0     0     1     0     0     1     1
  807      1     1     1     0     0     1     0     0     1     1
  808      0     0     0     1     0     1     0     0     1     1
  809      1     0     0     1     0     1     0     0     1     1
  810      0     1     0     1     0     1     0     0     1     1
  811      1     1     0     1     0     1     0     0     1     1
  812      0     0     1     1     0     1     0     0     1     1
  813      1     0     1     1     0     1     0     0     1     1
  814      0     1     1     1     0     1     0     0     1     1
  815      1     1     1     1     0     1     0     0     1     1
  816      0     0     0     0     1     1     0     0     1     1
  817      1     0     0     0     1     1     0     0     1     1
  818      0     1     0     0     1     1     0     0     1     1
  819      1     1     0     0     1     1     0     0     1     1
  820      0     0     1     0     1     1     0     0     1     1
  821      1     0     1     0     1     1     0     0     1     1
  822      0     1     1     0     1     1     0     0     1     1
  823      1     1     1     0     1     1     0     0     1     1
  824      0     0     0     1     1     1     0     0     1     1
  825      1     0     0     1     1     1     0     0     1     1
  826      0     1     0     1     1     1     0     0     1     1
  827      1     1     0     1     1     1     0     0     1     1
  828      0     0     1     1     1     1     0     0     1     1
  829      1     0     1     1     1     1     0     0     1     1
  830      0     1     1     1     1     1     0     0     1     1
  831      1     1     1     1     1     1     0     0     1     1
  832      0     0     0     0     0     0     1     0     1     1
  833      1     0     0     0     0     0     1     0     1     1
  834      0     1     0     0     0     0     1     0     1     1
  835      1     1     0     0     0     0     1     0     1     1
  836      0     0     1     0     0     0     1     0     1     1
  837      1     0     1     0     0     0     1     0     1     1
  838      0     1     1     0     0     0     1     0     1     1
  839      1     1     1     0     0     0     1     0     1     1
  840      0     0     0     1     0     0     1     0     1     1
  841      1     0     0     1     0     0     1     0     1     1
  842      0     1     0     1     0     0     1     0     1     1
  843      1     1     0     1     0     0     1     0     1     1
  844      0     0     1     1     0     0     1     0     1     1
  845      1     0     1     1     0     0     1     0     1     1
  846      0     1     1     1     0     0     1     0     1     1
  847      1     1     1     1     0     0     1     0     1     1
  848      0     0     0     0     1     0     1     0     1     1
  849      1     0     0     0     1     0     1     0     1     1
  850      0     1     0     0     1     0     1     0     1     1
  851      1     1     0     0     1     0     1     0     1     1
  852      0     0     1     0     1     0     1     0     1     1
  853      1     0     1     0     1     0     1     0     1     1
  854      0     1     1     0     1     0     1     0     1     1
  855      1     1     1     0     1     0     1     0     1     1
  856      0     0     0     1     1     0     1     0     1     1
  857      1     0     0     1     1     0     1     0     1     1
  858      0     1     0     1     1     0     1     0     1     1
  859      1     1     0     1     1     0     1     0     1     1
  860      0     0     1     1     1     0     1     0     1     1
  861      1     0     1     1     1     0     1     0     1     1
  862      0     1     1     1     1     0     1     0     1     1
  863      1     1     1     1     1     0     1     0     1     1
  864      0     0     0     0     0     1     1     0     1     1
  865      1     0     0     0     0     1     1     0     1     1
  866      0     1     0     0     0     1     1     0     1     1
  867      1     1     0     0     0     1     1     0     1     1
  868      0     0     1     0     0     1     1     0     1     1
  869      1     0     1     0     0     1     1     0     1     1
  870      0     1     1     0     0     1     1     0     1     1
  871      1     1     1     0     0     1     1     0     1     1
  872      0     0     0     1     0     1     1     0     1     1
  873      1     0     0     1     0     1     1     0     1     1
  874      0     1     0     1     0     1     1     0     1     1
  875      1     1     0     1     0     1     1     0     1     1
  876      0     0     1     1     0     1     1     0     1     1
  877      1     0     1     1     0     1     1     0     1     1
  878      0     1     1     1     0     1     1     0     1     1
  879      1     1     1     1     0     1     1     0     1     1
  880      0     0     0     0     1     1     1     0     1     1
  881      1     0     0     0     1     1     1     0     1     1
  882      0     1     0     0     1     1     1     0     1     1
  883      1     1     0     0     1     1     1     0     1     1
  884      0     0     1     0     1     1     1     0     1     1
  885      1     0     1     0     1     1     1     0     1     1
  886      0     1     1     0     1     1     1     0     1     1
  887      1     1     1     0     1     1     1     0     1     1
  888      0     0     0     1     1     1     1     0     1     1
  889      1     0     0     1     1     1     1     0     1     1
  890      0     1     0     1     1     1     1     0     1     1
  891      1     1     0     1     1     1     1     0     1     1
  892      0     0     1     1     1     1     1     0     1     1
  893      1     0     1     1     1     1     1     0     1     1
  894      0     1     1     1     1     1     1     0     1     1
  895      1     1     1     1     1     1     1     0     1     1
  896      0     0     0     0     0     0     0     1     1     1
  897      1     0     0     0     0     0     0     1     1     1
  898      0     1     0     0     0     0     0     1     1     1
  899      1     1     0     0     0     0     0     1     1     1
  900      0     0     1     0     0     0     0     1     1     1
  901      1     0     1     0     0     0     0     1     1     1
  902      0     1     1     0     0     0     0     1     1     1
  903      1     1     1     0     0     0     0     1     1     1
  904      0     0     0     1     0     0     0     1     1     1
  905      1     0     0     1     0     0     0     1     1     1
  906      0     1     0     1     0     0     0     1     1     1
  907      1     1     0     1     0     0     0     1     1     1
  908      0     0     1     1     0     0     0     1     1     1
  909      1     0     1     1     0     0     0     1     1     1
  910      0     1     1     1     0     0     0     1     1     1
  911      1     1     1     1     0     0     0     1     1     1
  912      0     0     0     0     1     0     0     1     1     1
  913      1     0     0     0     1     0     0     1     1     1
  914      0     1     0     0     1     0     0     1     1     1
  915      1     1     0     0     1     0     0     1     1     1
  916      0     0     1     0     1     0     0     1     1     1
  917      1     0     1     0     1     0     0     1     1     1
  918      0     1     1     0     1     0     0     1     1     1
  919      1     1     1     0     1     0     0     1     1     1
  920      0     0     0     1     1     0     0     1     1     1
  921      1     0     0     1     1     0     0     1     1     1
  922      0     1     0     1     1     0     0     1     1     1
  923      1     1     0     1     1     0     0     1     1     1
  924      0     0     1     1     1     0     0     1     1     1
  925      1     0     1     1     1     0     0     1     1     1
  926      0     1     1     1     1     0     0     1     1     1
  927      1     1     1     1     1     0     0     1     1     1
  928      0     0     0     0     0     1     0     1     1     1
  929      1     0     0     0     0     1     0     1     1     1
  930      0     1     0     0     0     1     0     1     1     1
  931      1     1     0     0     0     1     0     1     1     1
  932      0     0     1     0     0     1     0     1     1     1
  933      1     0     1     0     0     1     0     1     1     1
  934      0     1     1     0     0     1     0     1     1     1
  935      1     1     1     0     0     1     0     1     1     1
  936      0     0     0     1     0     1     0     1     1     1
  937      1     0     0     1     0     1     0     1     1     1
  938      0     1     0     1     0     1     0     1     1     1
  939      1     1     0     1     0     1     0     1     1     1
  940      0     0     1     1     0     1     0     1     1     1
  941      1     0     1     1     0     1     0     1     1     1
  942      0     1     1     1     0     1     0     1     1     1
  943      1     1     1     1     0     1     0     1     1     1
  944      0     0     0     0     1     1     0     1     1     1
  945      1     0     0     0     1     1     0     1     1     1
  946      0     1     0     0     1     1     0     1     1     1
  947      1     1     0     0     1     1     0     1     1     1
  948      0     0     1     0     1     1     0     1     1     1
  949      1     0     1     0     1     1     0     1     1     1
  950      0     1     1     0     1     1     0     1     1     1
  951      1     1     1     0     1     1     0     1     1     1
  952      0     0     0     1     1     1     0     1     1     1
  953      1     0     0     1     1     1     0     1     1     1
  954      0     1     0     1     1     1     0     1     1     1
  955      1     1     0     1     1     1     0     1     1     1
  956      0     0     1     1     1     1     0     1     1     1
  957      1     0     1     1     1     1     0     1     1     1
  958      0     1     1     1     1     1     0     1     1     1
  959      1     1     1     1     1     1     0     1     1     1
  960      0     0     0     0     0     0     1     1     1     1
  961      1     0     0     0     0     0     1     1     1     1
  962      0     1     0     0     0     0     1     1     1     1
  963      1     1     0     0     0     0     1     1     1     1
  964      0     0     1     0     0     0     1     1     1     1
  965      1     0     1     0     0     0     1     1     1     1
  966      0     1     1     0     0     0     1     1     1     1
  967      1     1     1     0     0     0     1     1     1     1
  968      0     0     0     1     0     0     1     1     1     1
  969      1     0     0     1     0     0     1     1     1     1
  970      0     1     0     1     0     0     1     1     1     1
  971      1     1     0     1     0     0     1     1     1     1
  972      0     0     1     1     0     0     1     1     1     1
  973      1     0     1     1     0     0     1     1     1     1
  974      0     1     1     1     0     0     1     1     1     1
  975      1     1     1     1     0     0     1     1     1     1
  976      0     0     0     0     1     0     1     1     1     1
  977      1     0     0     0     1     0     1     1     1     1
  978      0     1     0     0     1     0     1     1     1     1
  979      1     1     0     0     1     0     1     1     1     1
  980      0     0     1     0     1     0     1     1     1     1
  981      1     0     1     0     1     0     1     1     1     1
  982      0     1     1     0     1     0     1     1     1     1
  983      1     1     1     0     1     0     1     1     1     1
  984      0     0     0     1     1     0     1     1     1     1
  985      1     0     0     1     1     0     1     1     1     1
  986      0     1     0     1     1     0     1     1     1     1
  987      1     1     0     1     1     0     1     1     1     1
  988      0     0     1     1     1     0     1     1     1     1
  989      1     0     1     1     1     0     1     1     1     1
  990      0     1     1     1     1     0     1     1     1     1
  991      1     1     1     1     1     0     1     1     1     1
  992      0     0     0     0     0     1     1     1     1     1
  993      1     0     0     0     0     1     1     1     1     1
  994      0     1     0     0     0     1     1     1     1     1
  995      1     1     0     0     0     1     1     1     1     1
  996      0     0     1     0     0     1     1     1     1     1
  997      1     0     1     0     0     1     1     1     1     1
  998      0     1     1     0     0     1     1     1     1     1
  999      1     1     1     0     0     1     1     1     1     1
 1000      0     0     0     1     0     1     1     1     1     1
 1001      1     0     0     1     0     1     1     1     1     1
 1002      0     1     0     1     0     1     1     1     1     1
 1003      1     1     0     1     0     1     1     1     1     1
 1004      0     0     1     1     0     1     1     1     1     1
 1005      1     0     1     1     0     1     1     1     1     1
 1006      0     1     1     1     0     1     1     1     1     1
 1007      1     1     1     1     0     1     1     1     1     1
 1008      0     0     0     0     1     1     1     1     1     1
 1009      1     0     0     0     1     1     1     1     1     1
 1010      0     1     0     0     1     1     1     1     1     1
 1011      1     1     0     0     1     1     1     1     1     1
 1012      0     0     1     0     1     1     1     1     1     1
 1013      1     0     1     0     1     1     1     1     1     1
 1014      0     1     1     0     1     1     1     1     1     1
 1015      1     1     1     0     1     1     1     1     1     1
 1016      0     0     0     1     1     1     1     1     1     1
 1017      1     0     0     1     1     1     1     1     1     1
 1018      0     1     0     1     1     1     1     1     1     1
 1019      1     1     0     1     1     1     1     1     1     1
 1020      0     0     1     1     1     1     1     1     1     1
 1021      1     0     1     1     1     1     1     1     1     1
 1022      0     1     1     1     1     1     1     1     1     1
 1023      1     1     1     1     1     1     1     1     1     1
