  91
   240.0    -0.5     0.5000     0.5000
   240.0    -0.5     0.5000     0.5000
   240.0    -0.5     0.5000     0.5000
   240.0    -0.5     0.5000     0.5000
   240.0    -0.5     0.5000     0.5000
   240.0    -0.5     0.5000     0.5000
   240.0    -0.5     0.5000     0.5000
   240.0    -0.5     0.5000     0.5000
   240.0    -0.5     0.5000     0.5000
   240.0    -0.5     0.5000     0.5000
   240.0    -0.5     0.5000     0.5000
   240.0    -0.5     0.5000     0.5000
   240.0    -0.5     0.5000     0.5000
   240.0    -0.5     0.5000     0.5000
   240.0    -0.5     0.5000     0.5000
   240.0    -0.5     0.5000     0.5000
   240.0    -0.5     0.5000     0.5000
   240.0    -0.5     0.5000     0.5000
   240.0    -0.5     0.5000     0.5000
   240.0    -0.5     0.5000     0.5000
   240.0    -0.5     0.5000     0.5000
   240.0    -0.5     0.5000     0.5000
   240.0    -0.5     0.5000     0.5000
   240.0    -0.5     0.5000     0.5000
   240.0    -0.5     0.5000     0.5000
   240.0    -0.5     0.5000     0.5000
   240.0    -0.5     0.5000     0.5000
   240.0    -0.5     0.5000     0.5000
   240.0    -0.5     0.5000     0.5000
   240.0    -0.5     0.5000     0.5000
   241.8    -0.5     0.5000     0.5000
   247.6    -0.5     0.5000     0.5000
   257.5    -0.5     0.5000     0.5000
   269.2    -0.5     0.5000     0.5000
   278.4    -0.5     0.5000     0.5000
   284.2    -0.5     0.5000     0.5000
   288.7    -0.5     0.5000     0.5000
   293.8    -0.5     0.5000     0.5000
   300.3    -0.5     0.5000     0.5000
   310.2    -0.5     0.5000     0.5000
   329.1    -0.5     0.5000     0.5000
   358.5    -0.5     0.5000     0.5000
   388.0    -0.5     0.5000     0.5000
   408.9    -0.5     0.5000     0.5000
   419.6    -0.5     0.5000     0.5000
   421.4    -0.5     0.5000     0.5000
   420.1    -0.5     0.5000     0.5000
   419.7    -0.5     0.5000     0.5000
   420.0    -0.5     0.5000     0.5000
   420.1    -0.5     0.5000     0.5000
   420.0    -0.5     0.5000     0.5000
   420.0    -0.5     0.5000     0.5000
   420.0    -0.5     0.5000     0.5000
   420.0    -0.5     0.5000     0.5000
   420.0    -0.5     0.5000     0.5000
   420.0    -0.5     0.5000     0.5000
   420.0    -0.5     0.5000     0.5000
   420.0    -0.5     0.5000     0.5000
   420.0    -0.5     0.5000     0.5000
   420.0    -0.5     0.5000     0.5000
   420.0    -0.5     0.5000     0.5000
   421.7    -0.5     0.5000     0.5000
   413.1    -0.5     0.5000     0.5000
   431.9    -0.5     0.5000     0.5000
   479.1    -0.5     0.5000     0.5000
   507.4    -0.5     0.5001     0.4999
   507.9    -0.5     0.5005     0.4995
   517.4    -0.5     0.5016     0.4984
   543.6    -0.5     0.5100     0.4900
   568.0    -0.5     0.5200     0.4800
   596.1    -0.5     0.5311     0.4689
   600.0    -0.5     0.6272     0.3728
   600.0    -0.5     0.7210     0.2790
   600.0    -0.5     0.7906     0.2094
   600.0    -0.5     0.8513     0.1487
   600.0    -0.5     0.9047     0.0953
   600.0    -0.5     0.9508     0.0492
   613.0    -0.5     0.9867     0.0133
   665.9    -0.5     0.9900     0.0100
   653.2    -0.5     0.9998     0.0002
   682.1    -0.5     1.0000     0.0000
   722.7    -0.5     1.0000     0.0000
   723.2    -0.5     1.0000     0.0000
   710.3    -0.5     1.0000     0.0000
   773.2    -0.5     1.0000     0.0000
   780.0    -0.5     1.0000     0.0000
   780.0    -0.5     1.0000     0.0000
   780.0    -0.5     1.0000     0.0000
   780.0    -0.5     1.0000     0.0000
   780.0    -0.5     1.0000     0.0000
   780.0    -0.5     1.0000     0.0000
