 181
   400.0    -0.5     0.5000     0.5000
   400.0    -0.5     0.5000     0.5000
   400.0    -0.5     0.5000     0.5000
   400.0    -0.5     0.5000     0.5000
   400.0    -0.5     0.5000     0.5000
   400.0    -0.5     0.5000     0.5000
   400.0    -0.5     0.5000     0.5000
   400.0    -0.5     0.5000     0.5000
   400.0    -0.5     0.5000     0.5000
   400.0    -0.5     0.5000     0.5000
   400.0    -0.5     0.5000     0.5000
   400.0    -0.5     0.5000     0.5000
   400.0    -0.5     0.5000     0.5000
   400.0    -0.5     0.5000     0.5000
   400.0    -0.5     0.5000     0.5000
   400.0    -0.5     0.5000     0.5000
   400.0    -0.5     0.5000     0.5000
   400.0    -0.5     0.5000     0.5000
   400.0    -0.5     0.5000     0.5000
   400.0    -0.5     0.5000     0.5000
   400.0    -0.5     0.5000     0.5000
   400.0    -0.5     0.5000     0.5000
   400.0    -0.5     0.5000     0.5000
   400.0    -0.5     0.5000     0.5000
   400.0    -0.5     0.5000     0.5000
   400.0    -0.5     0.5000     0.5000
   400.0    -0.5     0.5000     0.5000
   400.0    -0.5     0.5000     0.5000
   400.0    -0.5     0.5000     0.5000
   400.0    -0.5     0.5000     0.5000
   400.0    -0.5     0.5000     0.5000
   400.0    -0.5     0.5000     0.5000
   400.0    -0.5     0.5000     0.5000
   400.0    -0.5     0.5000     0.5000
   400.0    -0.5     0.5000     0.5000
   400.0    -0.5     0.5000     0.5000
   400.0    -0.5     0.5000     0.5000
   400.0    -0.5     0.5000     0.5000
   400.0    -0.5     0.5000     0.5000
   400.0    -0.5     0.5000     0.5000
   400.0    -0.5     0.5000     0.5000
   400.0    -0.5     0.5000     0.5000
   400.0    -0.5     0.5000     0.5000
   400.0    -0.5     0.5000     0.5000
   400.0    -0.5     0.5000     0.5000
   400.0    -0.5     0.5000     0.5000
   400.0    -0.5     0.5000     0.5000
   400.0    -0.5     0.5000     0.5000
   400.0    -0.5     0.5000     0.5000
   400.0    -0.5     0.5000     0.5000
   400.0    -0.5     0.5000     0.5000
   400.0    -0.5     0.5000     0.5000
   400.0    -0.5     0.5000     0.5000
   400.1    -0.5     0.5000     0.5000
   400.2    -0.5     0.5000     0.5000
   400.0    -0.5     0.5000     0.5000
   399.6    -0.5     0.5000     0.5000
   399.2    -0.5     0.5000     0.5000
   399.3    -0.5     0.5000     0.5000
   400.4    -0.5     0.5000     0.5000
   402.6    -0.5     0.5000     0.5000
   406.3    -0.5     0.5000     0.5000
   411.7    -0.5     0.5000     0.5000
   418.9    -0.5     0.5000     0.5000
   427.9    -0.5     0.5000     0.5000
   437.8    -0.5     0.5000     0.5000
   447.5    -0.5     0.5000     0.5000
   456.3    -0.5     0.5000     0.5000
   463.4    -0.5     0.5000     0.5000
   468.8    -0.5     0.5000     0.5000
   473.2    -0.5     0.5000     0.5000
   477.1    -0.5     0.5000     0.5000
   480.9    -0.5     0.5000     0.5000
   484.9    -0.5     0.5000     0.5000
   489.3    -0.5     0.5000     0.5000
   494.3    -0.5     0.5000     0.5000
   500.1    -0.5     0.5000     0.5000
   507.0    -0.5     0.5000     0.5000
   516.4    -0.5     0.5000     0.5000
   529.5    -0.5     0.5000     0.5000
   547.6    -0.5     0.5000     0.5000
   570.7    -0.5     0.5000     0.5000
   596.6    -0.5     0.5000     0.5000
   622.6    -0.5     0.5000     0.5000
   646.3    -0.5     0.5000     0.5000
   666.0    -0.5     0.5000     0.5000
   681.4    -0.5     0.5000     0.5000
   692.5    -0.5     0.5000     0.5000
   699.3    -0.5     0.5000     0.5000
   702.2    -0.5     0.5000     0.5000
   702.4    -0.5     0.5000     0.5000
   701.3    -0.5     0.5000     0.5000
   700.1    -0.5     0.5000     0.5000
   699.5    -0.5     0.5000     0.5000
   699.5    -0.5     0.5000     0.5000
   699.8    -0.5     0.5000     0.5000
   700.0    -0.5     0.5000     0.5000
   700.1    -0.5     0.5000     0.5000
   700.1    -0.5     0.5000     0.5000
   700.0    -0.5     0.5000     0.5000
   700.0    -0.5     0.5000     0.5000
   700.0    -0.5     0.5000     0.5000
   700.0    -0.5     0.5000     0.5000
   700.0    -0.5     0.5000     0.5000
   700.0    -0.5     0.5000     0.5000
   700.0    -0.5     0.5000     0.5000
   700.0    -0.5     0.5000     0.5000
   700.0    -0.5     0.5000     0.5000
   700.0    -0.5     0.5000     0.5000
   700.0    -0.5     0.5000     0.5000
   700.0    -0.5     0.5000     0.5000
   700.0    -0.5     0.5000     0.5000
   700.0    -0.5     0.5000     0.5000
   700.0    -0.5     0.5000     0.5000
   700.0    -0.5     0.5000     0.5000
   700.0    -0.5     0.5000     0.5000
   700.0    -0.5     0.5000     0.5000
   700.0    -0.5     0.5000     0.5000
   700.0    -0.5     0.5000     0.5000
   700.0    -0.5     0.5000     0.5000
   700.0    -0.5     0.5000     0.5000
   700.0    -0.5     0.5000     0.5000
   700.0    -0.5     0.5000     0.5000
   700.0    -0.5     0.5000     0.5000
   700.0    -0.5     0.5000     0.5000
   700.0    -0.5     0.5000     0.5000
   727.8    -0.5     0.5000     0.5000
   768.4    -0.5     0.5000     0.5000
   806.3    -0.5     0.5000     0.5000
   833.6    -0.5     0.5001     0.4999
   850.0    -0.5     0.5001     0.4999
   850.0    -0.5     0.5003     0.4997
   850.0    -0.5     0.5005     0.4995
   850.5    -0.5     0.5006     0.4994
   867.8    -0.5     0.5007     0.4993
   890.5    -0.5     0.5008     0.4992
   911.4    -0.5     0.5010     0.4990
   930.9    -0.5     0.5015     0.4985
   953.8    -0.5     0.5020     0.4980
   979.3    -0.5     0.5132     0.4868
   997.8    -0.5     0.5417     0.4583
  1000.0    -0.5     0.5894     0.4106
  1000.0    -0.5     0.6442     0.3558
  1000.0    -0.5     0.6931     0.3069
  1000.0    -0.5     0.7334     0.2666
  1000.0    -0.5     0.7688     0.2312
  1000.0    -0.5     0.8014     0.1986
  1000.0    -0.5     0.8322     0.1678
  1000.0    -0.5     0.8613     0.1387
  1000.0    -0.5     0.8885     0.1115
  1000.0    -0.5     0.9136     0.0864
  1000.0    -0.5     0.9369     0.0631
  1000.0    -0.5     0.9587     0.0413
  1000.0    -0.5     0.9774     0.0226
  1044.3    -0.5     0.9915     0.0085
  1095.3    -0.5     0.9995     0.0005
  1112.5    -0.5     0.9999     0.0001
  1120.0    -0.5     1.0000     0.0000
  1130.0    -0.5     1.0000     0.0000
  1140.0    -0.5     1.0000     0.0000
  1164.5    -0.5     1.0000     0.0000
  1203.4    -0.5     1.0000     0.0000
  1201.8    -0.5     1.0000     0.0000
  1202.1    -0.5     1.0000     0.0000
  1204.7    -0.5     1.0000     0.0000
  1227.1    -0.5     1.0000     0.0000
  1234.7    -0.5     1.0000     0.0000
  1258.4    -0.5     1.0000     0.0000
  1303.8    -0.5     1.0000     0.0000
  1303.5    -0.5     1.0000     0.0000
  1298.8    -0.5     1.0000     0.0000
  1000.0    -0.5     1.0000     0.0000
  1300.0    -0.5     1.0000     0.0000
  1300.0    -0.5     1.0000     0.0000
  1300.0    -0.5     1.0000     0.0000
  1300.0    -0.5     1.0000     0.0000
  1300.0    -0.5     1.0000     0.0000
  1300.0    -0.5     1.0000     0.0000
  1300.0    -0.5     1.0000     0.0000
  1300.0    -0.5     1.0000     0.0000
  1300.0    -0.5     1.0000     0.0000
