  72
   240.0    -0.5     0.5000     0.5000
   240.0    -0.5     0.5000     0.5000
   240.0    -0.5     0.5000     0.5000
   240.0    -0.5     0.5000     0.5000
   240.0    -0.5     0.5000     0.5000
   240.0    -0.5     0.5000     0.5000
   240.0    -0.5     0.5000     0.5000
   240.0    -0.5     0.5000     0.5000
   240.0    -0.5     0.5000     0.5000
   240.0    -0.5     0.5000     0.5000
   240.0    -0.5     0.5000     0.5000
   240.0    -0.5     0.5000     0.5000
   240.0    -0.5     0.5000     0.5000
   240.0    -0.5     0.5000     0.5000
   240.0    -0.5     0.5000     0.5000
   240.0    -0.5     0.5000     0.5000
   240.0    -0.5     0.5000     0.5000
   240.0    -0.5     0.5000     0.5000
   240.0    -0.5     0.5000     0.5000
   240.0    -0.5     0.5000     0.5000
   240.0    -0.5     0.5000     0.5000
   240.0    -0.5     0.5000     0.5000
   240.0    -0.5     0.5000     0.5000
   240.0    -0.5     0.5000     0.5000
   240.0    -0.5     0.5000     0.5000
   240.0    -0.5     0.5000     0.5000
   240.0    -0.5     0.5000     0.5000
   240.0    -0.5     0.5000     0.5000
   252.0    -0.5     0.5000     0.5000
   276.0    -0.5     0.5000     0.5000
   288.0    -0.5     0.5000     0.5000
   300.0    -0.5     0.5000     0.5000
   330.0    -0.5     0.5000     0.5000
   390.0    -0.5     0.5000     0.5000
   420.0    -0.5     0.5000     0.5000
   420.0    -0.5     0.5000     0.5000
   420.0    -0.5     0.5000     0.5000
   420.0    -0.5     0.5000     0.5000
   420.0    -0.5     0.5000     0.5000
   420.0    -0.5     0.5000     0.5000
   420.0    -0.5     0.5000     0.5000
   420.0    -0.5     0.5000     0.5000
   420.0    -0.5     0.5000     0.5000
   420.0    -0.5     0.5000     0.5000
   420.0    -0.5     0.5000     0.5000
   420.0    -0.5     0.5000     0.5000
   480.0    -0.5     0.5000     0.5000
   510.0    -0.5     0.5000     0.5000
   510.0    -0.5     0.5000     0.5000
   540.0    -0.5     0.5000     0.5000
   570.0    -0.5     0.5000     0.5000
   600.0    -0.5     0.5500     0.4500
   600.0    -0.5     0.6700     0.3300
   600.0    -0.5     0.7600     0.2400
   600.0    -0.5     0.8300     0.1700
   600.0    -0.5     0.8900     0.1100
   600.0    -0.5     0.9400     0.0600
   600.0    -0.5     0.9800     0.0200
   660.0    -0.5     1.0000     0.0000
   660.0    -0.5     1.0000     0.0000
   660.0    -0.5     1.0000     0.0000
   720.0    -0.5     1.0000     0.0000
   720.0    -0.5     1.0000     0.0000
   720.0    -0.5     1.0000     0.0000
   720.0    -0.5     1.0000     0.0000
   780.0    -0.5     1.0000     0.0000
   780.0    -0.5     1.0000     0.0000
   780.0    -0.5     1.0000     0.0000
   780.0    -0.5     1.0000     0.0000
   780.0    -0.5     1.0000     0.0000
   780.0    -0.5     1.0000     0.0000
   780.0    -0.5     1.0000     0.0000
