! sens/instr/sat      chan use nominal   gross  error   b_tgas pg_tgas  bias    chem  prior
!                              pressure  check  inflate variational qc                units
 besd_co2_sciam        1    1    1000.0  7.000  1.6000  100.00  0.0000 -0.2000  co2   ppm
 wfmd_co2_sciam        1    0    1000.0  7.000  1.6000  100.00  0.0000  0.6000  co2   ppm
 imap_ch4_sciam        1    1    1000.0  7.000  1.6000  100.00  0.0000 -13.200  ch4   ppb
 wfmd_ch4_sciam        1    0    1000.0  7.000  1.6000  100.00  0.0000 -2.6000  ch4   ppb
 leic_ch4_gosat        1    1    1000.0  7.000  1.6000  100.00  0.0000  6.5000  ch4   ppb
 acos_lndmg_gosat      1   -2    1000.0  7.000  1.6000  100.00  0.0000  0.0000  co2   ppm
 acos_lndhg_gosat      1    1    1000.0  7.000  1.6000  100.00  0.0000  0.0000  co2   ppm
 acos_ocnhg_gosat      1    1    1000.0  7.000  1.6000  100.00  0.0000 -0.2500  co2   ppm
 oco2_v10_lndnd        1    1    1000.0  3.500  0.8500  100.00  0.0000  0.0000  co2   ppm
 oco2_v10_lndgl        1    1    1000.0  3.500  0.8500  100.00  0.0000  0.0000  co2   ppm
 oco2_v10_ocngl        1    1    1000.0  3.000  0.8500  100.00  0.0000  0.0000  co2   ppm
 oco2_lndnd            1    1    1000.0  3.500  0.8500  100.00  0.0000  0.0000  co2   ppm
 oco2_lndgl            1    1    1000.0  3.500  0.8500  100.00  0.0000  0.0000  co2   ppm
 oco2_ocngl            1    1    1000.0  3.000  0.8500  100.00  0.0000  0.0000  co2   ppm
 oco2_targ             1    0    1000.0  3.500  1.0000  100.00  0.0000  0.0000  co2   ppm
 oco2_trans            1    0    1000.0  3.500  1.0000  100.00  0.0000  0.0000  co2   ppm
 oco3_lndnd            1    1    1000.0  3.500  0.8500  100.00  0.0000  0.0000  co2   ppm
 oco3_lndgl            1    1    1000.0  3.500  0.8500  100.00  0.0000  0.0000  co2   ppm
 oco3_ocngl            1    1    1000.0  3.000  0.8500  100.00  0.0000  0.0000  co2   ppm
 oco3_targ             1    0    1000.0  3.500  1.0000  100.00  0.0000  0.0000  co2   ppm
 oco3_trans            1    0    1000.0  3.500  1.0000  100.00  0.0000  0.0000  co2   ppm
 oco3_sam              1    0    1000.0  3.500  1.0000  100.00  0.0000  0.0000  co2   ppm
 obspack_oco2mip       1    0    1000.0  100.0  10.000  100.00  0.0000  0.0000  co2   mix
 tccon_co2             1    0    1000.0  100.0  1.0000  100.00  0.0000  0.0000  co2   ppm
 tccon_ch4             1    0    1000.0  100.0  1.0000  100.00  0.0000  0.0000  ch4   ppm
 tccon_co              1    0    1000.0  100.0  1.0000  100.00  0.0000  0.0000  co    ppb
 tccon_n2o             1    0    1000.0  100.0  1.0000  100.00  0.0000  0.0000  n2o   ppb
 mopitt_tir_terra      1    0     500.0  4.000  1.6000  100.00  0.0000  0.0000  co    l10
 mopitt_nir_terra      1    0    1000.0  4.000  1.0000  100.00  0.0000  0.0000  co    l10
 iasi_ch4_metop-a      1    0     500.0  7.000  1.0000  100.00  0.0000  0.0000  ch4   ppb
 iasi_ch4_metop-b      1    0     500.0  7.000  1.0000  100.00  0.0000  0.0000  ch4   ppb
 iasi_ch4_metop-c      1    0     500.0  7.000  1.0000  100.00  0.0000  0.0000  ch4   ppb
 iasi_co_metop-a       1    0     500.0  7.000  1.0000  100.00  0.0000  0.0000  co    molm2
 iasi_co_metop-b       1    0     500.0  7.000  1.0000  100.00  0.0000  0.0000  co    molm2
 iasi_co_metop-c       1    0     500.0  7.000  1.0000  100.00  0.0000  0.0000  co    molm2
 tropomi_ch4_s5p       1    1    1000.0  7.000  3.0000  100.00  0.0000  0.0000  ch4   molm2
 tropomi_co_s5p        1    1    1000.0  7.000  3.0000  100.00  0.0000  0.0000  co    molm2
 tropomi_hcho_s5p      1    1    1000.0  7.000  1.6000  100.00  0.0000  0.0000  hcho  molm2
 tropomi_so2_s5p       1    1    1000.0  7.000  1.6000  100.00  0.0000  0.0000  so2   molm2
 tropomi_no2_s5p       1    1    1000.0  7.000  1.6000  100.00  0.0000  0.0000  no2   molm2
 tropess_ch4_airs      1    0     500.0  4.000  1.6000  100.00  0.0000  0.0000  ch4   l10
 tropess_ch4_cris-s    1    0     500.0  4.000  1.6000  100.00  0.0000  0.0000  ch4   l10
 tropess_ch4_cris-1    1    0     500.0  4.000  1.6000  100.00  0.0000  0.0000  ch4   l10
 tropess_co_airs       1    0     500.0  4.000  1.6000  100.00  0.0000  0.0000  co    l10
 tropess_co_cris-s     1    0     500.0  4.000  1.6000  100.00  0.0000  0.0000  co    l10
 tropess_co_cris-1     1    0     500.0  4.000  1.6000  100.00  0.0000  0.0000  co    l10
 tropess_nh3_airs      1    0     500.0  4.000  1.6000  100.00  0.0000  0.0000  nh3   l10
 tropess_nh3_cris-s    1    0     500.0  4.000  1.6000  100.00  0.0000  0.0000  nh3   l10
 tropess_nh3_cris-1    1    0     500.0  4.000  1.6000  100.00  0.0000  0.0000  nh3   l10
 tropess_pan_airs      1    0     500.0  4.000  1.6000  100.00  0.0000  0.0000  pan   l10
 tropess_pan_cris-s    1    0     500.0  4.000  1.6000  100.00  0.0000  0.0000  pan   l10
 tropess_pan_cris-1    1    0     500.0  4.000  1.6000  100.00  0.0000  0.0000  pan   l10
 mlsco_aura            1   -2    1000.0  4.000  1.0000  100.00  0.0000  0.0000  co    ppm
 mlsco_aura            2   -2    681.29  4.000  1.0000  100.00  0.0000  0.0000  co    ppm
 mlsco_aura            3   -2    464.16  4.000  1.0000  100.00  0.0000  0.0000  co    ppm
 mlsco_aura            4   -2    316.22  4.000  1.0000  100.00  0.0000  0.0000  co    ppm
 mlsco_aura            5    1    215.44  4.000  1.2000  100.00  0.0000  0.0000  co    ppm
 mlsco_aura            6    1    146.78  4.000  1.0000  100.00  0.0000  0.0000  co    ppm
 mlsco_aura            7    1    100.00  4.000  1.0000  100.00  0.0000  0.0000  co    ppm
 mlsco_aura            8    1    68.129  4.000  1.0000  100.00  0.0000  0.0000  co    ppm
 mlsco_aura            9    1    46.416  4.000  1.0000  100.00  0.0000  0.0000  co    ppm
 mlsco_aura           10    1    31.623  4.000  1.2000  100.00  0.0000  0.0000  co    ppm
 mlsco_aura           11    1    21.544  4.000  1.2000  100.00  0.0000  0.0000  co    ppm
 mlsco_aura           12    1    14.678  4.000  1.2000  100.00  0.0000  0.0000  co    ppm
 mlsco_aura           13    1    10.000  4.000  1.2000  100.00  0.0000  0.0000  co    ppm
 mlsco_aura           14    1    6.8129  4.000  1.2000  100.00  0.0000  0.0000  co    ppm
 mlsco_aura           15    1    4.6416  4.000  1.2000  100.00  0.0000  0.0000  co    ppm
 mlsco_aura           16    1    3.1622  4.000  1.2000  100.00  0.0000  0.0000  co    ppm
 mlsco_aura           17    1    2.1544  4.000  1.2000  100.00  0.0000  0.0000  co    ppm
 mlsco_aura           18    1    1.4678  4.000  1.0000  100.00  0.0000  0.0000  co    ppm
 mlsco_aura           19    1    1.0000  4.000  0.8000  100.00  0.0000  0.0000  co    ppm
 mlsco_aura           20    1    0.6813  4.000  0.6000  100.00  0.0000  0.0000  co    ppm
 mlsco_aura           21    1    0.4642  4.000  0.6000  100.00  0.0000  0.0000  co    ppm
 mlsco_aura           22    1    0.3162  4.000  0.6000  100.00  0.0000  0.0000  co    ppm
 mlsco_aura           23    1    0.2154  4.000  0.6000  100.00  0.0000  0.0000  co    ppm
 mlsco_aura           24    1    0.1468  4.000  0.6000  100.00  0.0000  0.0000  co    ppm
 mlsco_aura           25    1    0.1000  4.000  0.6000  100.00  0.0000  0.0000  co    ppm
 mlsco_aura           26    1    0.0464  4.000  0.6000  100.00  0.0000  0.0000  co    ppm
 mlsco_aura           27    1    0.0215  4.000  0.6000  100.00  0.0000  0.0000  co    ppm
 mlsco_aura           28    1    0.0100  4.000  0.6000  100.00  0.0000  0.0000  co    ppm
 mlsco_aura           29   -1    0.0046  4.000  1.0000  100.00  0.0000  0.0000  co    ppm
 mlsco_aura           30   -2    0.0022  4.000  1.0000  100.00  0.0000  0.0000  co    ppm
 mlsco_aura           31   -2    0.0010  4.000  1.0000  100.00  0.0000  0.0000  co    ppm
 mlsco_aura           32   -2    4.6E-4  4.000  1.0000  100.00  0.0000  0.0000  co    ppm
 mlsco_aura           33   -2    2.2E-4  4.000  1.0000  100.00  0.0000  0.0000  co    ppm
 mlsco_aura           34   -2    1.0E-4  4.000  1.0000  100.00  0.0000  0.0000  co    ppm
 mlsco_aura           35   -2    4.6E-5  4.000  1.0000  100.00  0.0000  0.0000  co    ppm
 mlsco_aura           36   -2    2.2E-5  4.000  1.0000  100.00  0.0000  0.0000  co    ppm
 mlsco_aura           37   -2    1.0E-5  4.000  1.0000  100.00  0.0000  0.0000  co    ppm
 mlsclo_aura           1   -2    1000.0  4.000  1.0000  100.00  0.0000  0.0000  clo   ppm
 mlsclo_aura           2   -2    681.29  4.000  1.0000  100.00  0.0000  0.0000  clo   ppm
 mlsclo_aura           3   -2    464.16  4.000  1.0000  100.00  0.0000  0.0000  clo   ppm
 mlsclo_aura           4   -2    316.22  4.000  1.0000  100.00  0.0000  0.0000  clo   ppm
 mlsclo_aura           5   -1    215.44  4.000  1.0000  100.00  0.0000  0.0000  clo   ppm
 mlsclo_aura           6    0    146.78  4.000  1.0000  100.00  0.0000  0.0000  clo   ppm
 mlsclo_aura           7    0    100.00  4.000  1.0000  100.00  0.0000  0.0000  clo   ppm
 mlsclo_aura           8    0    68.129  4.000  1.0000  100.00  0.0000  0.0000  clo   ppm
 mlsclo_aura           9    0    46.416  4.000  1.0000  100.00  0.0000  0.0000  clo   ppm
 mlsclo_aura          10    0    31.623  4.000  1.0000  100.00  0.0000  0.0000  clo   ppm
 mlsclo_aura          11    0    21.544  4.000  1.0000  100.00  0.0000  0.0000  clo   ppm
 mlsclo_aura          12    0    14.678  4.000  1.0000  100.00  0.0000  0.0000  clo   ppm
 mlsclo_aura          13    0    10.000  4.000  1.0000  100.00  0.0000  0.0000  clo   ppm
 mlsclo_aura          14    0    6.8129  4.000  1.0000  100.00  0.0000  0.0000  clo   ppm
 mlsclo_aura          15    0    4.6416  4.000  1.0000  100.00  0.0000  0.0000  clo   ppm
 mlsclo_aura          16    0    3.1622  4.000  1.0000  100.00  0.0000  0.0000  clo   ppm
 mlsclo_aura          17    0    2.1544  4.000  1.0000  100.00  0.0000  0.0000  clo   ppm
 mlsclo_aura          18    0    1.4678  4.000  1.0000  100.00  0.0000  0.0000  clo   ppm
 mlsclo_aura          19    0    1.0000  4.000  1.0000  100.00  0.0000  0.0000  clo   ppm
 mlsclo_aura          20   -2    0.6813  4.000  1.0000  100.00  0.0000  0.0000  clo   ppm
 mlsclo_aura          21   -2    0.4642  4.000  1.0000  100.00  0.0000  0.0000  clo   ppm
 mlsclo_aura          22   -2    0.3162  4.000  1.0000  100.00  0.0000  0.0000  clo   ppm
 mlsclo_aura          23   -2    0.2154  4.000  1.0000  100.00  0.0000  0.0000  clo   ppm
 mlsclo_aura          24   -2    0.1468  4.000  1.0000  100.00  0.0000  0.0000  clo   ppm
 mlsclo_aura          25   -2    0.1000  4.000  1.0000  100.00  0.0000  0.0000  clo   ppm
 mlsclo_aura          26   -2    0.0464  4.000  1.0000  100.00  0.0000  0.0000  clo   ppm
 mlsclo_aura          27   -2    0.0215  4.000  1.0000  100.00  0.0000  0.0000  clo   ppm
 mlsclo_aura          28   -2    0.0100  4.000  1.0000  100.00  0.0000  0.0000  clo   ppm
 mlsclo_aura          29   -2    0.0046  4.000  1.0000  100.00  0.0000  0.0000  clo   ppm
 mlsclo_aura          30   -2    0.0022  4.000  1.0000  100.00  0.0000  0.0000  clo   ppm
 mlsclo_aura          31   -2    0.0010  4.000  1.0000  100.00  0.0000  0.0000  clo   ppm
 mlsclo_aura          32   -2    4.6E-4  4.000  1.0000  100.00  0.0000  0.0000  clo   ppm
 mlsclo_aura          33   -2    2.2E-4  4.000  1.0000  100.00  0.0000  0.0000  clo   ppm
 mlsclo_aura          34   -2    1.0E-4  4.000  1.0000  100.00  0.0000  0.0000  clo   ppm
 mlsclo_aura          35   -2    4.6E-5  4.000  1.0000  100.00  0.0000  0.0000  clo   ppm
 mlsclo_aura          36   -2    2.2E-5  4.000  1.0000  100.00  0.0000  0.0000  clo   ppm
 mlsclo_aura          37   -2    1.0E-5  4.000  1.0000  100.00  0.0000  0.0000  clo   ppm
 mlsch3cl_aura         1   -2    1000.0  4.000  1.0000  100.00  0.0000  0.0000  ch3cl ppm
 mlsch3cl_aura         2   -2    681.29  4.000  1.0000  100.00  0.0000  0.0000  ch3cl ppm
 mlsch3cl_aura         3   -2    464.16  4.000  1.0000  100.00  0.0000  0.0000  ch3cl ppm
 mlsch3cl_aura         4   -2    316.22  4.000  1.0000  100.00  0.0000  0.0000  ch3cl ppm
 mlsch3cl_aura         5   -1    215.44  4.000  1.0000  100.00  0.0000  0.0000  ch3cl ppm
 mlsch3cl_aura         6    1    146.78  4.000  1.0000  100.00  0.0000  0.0000  ch3cl ppm
 mlsch3cl_aura         7    1    100.00  4.000  1.0000  100.00  0.0000  0.0000  ch3cl ppm
 mlsch3cl_aura         8    1    68.129  4.000  1.0000  100.00  0.0000  0.0000  ch3cl ppm
 mlsch3cl_aura         9    1    46.416  4.000  1.0000  100.00  0.0000  0.0000  ch3cl ppm
 mlsch3cl_aura        10    1    31.623  4.000  1.0000  100.00  0.0000  0.0000  ch3cl ppm
 mlsch3cl_aura        11    1    21.544  4.000  1.0000  100.00  0.0000  0.0000  ch3cl ppm
 mlsch3cl_aura        12    1    14.678  4.000  1.0000  100.00  0.0000  0.0000  ch3cl ppm
 mlsch3cl_aura        13    1    10.000  4.000  1.0000  100.00  0.0000  0.0000  ch3cl ppm
 mlsch3cl_aura        14    1    6.8129  4.000  1.0000  100.00  0.0000  0.0000  ch3cl ppm
 mlsch3cl_aura        15    1    4.6416  4.000  1.0000  100.00  0.0000  0.0000  ch3cl ppm
 mlsch3cl_aura        16   -1    3.1622  4.000  1.0000  100.00  0.0000  0.0000  ch3cl ppm
 mlsch3cl_aura        17   -1    2.1544  4.000  1.0000  100.00  0.0000  0.0000  ch3cl ppm
 mlsch3cl_aura        18   -1    1.4678  4.000  1.0000  100.00  0.0000  0.0000  ch3cl ppm
 mlsch3cl_aura        19   -1    1.0000  4.000  1.0000  100.00  0.0000  0.0000  ch3cl ppm
 mlsch3cl_aura        20   -2    0.6813  4.000  1.0000  100.00  0.0000  0.0000  ch3cl ppm
 mlsch3cl_aura        21   -2    0.4642  4.000  1.0000  100.00  0.0000  0.0000  ch3cl ppm
 mlsch3cl_aura        22   -2    0.3162  4.000  1.0000  100.00  0.0000  0.0000  ch3cl ppm
 mlsch3cl_aura        23   -2    0.2154  4.000  1.0000  100.00  0.0000  0.0000  ch3cl ppm
 mlsch3cl_aura        24   -2    0.1468  4.000  1.0000  100.00  0.0000  0.0000  ch3cl ppm
 mlsch3cl_aura        25   -2    0.1000  4.000  1.0000  100.00  0.0000  0.0000  ch3cl ppm
 mlsch3cl_aura        26   -2    0.0464  4.000  1.0000  100.00  0.0000  0.0000  ch3cl ppm
 mlsch3cl_aura        27   -2    0.0215  4.000  1.0000  100.00  0.0000  0.0000  ch3cl ppm
 mlsch3cl_aura        28   -2    0.0100  4.000  1.0000  100.00  0.0000  0.0000  ch3cl ppm
 mlsch3cl_aura        29   -2    0.0046  4.000  1.0000  100.00  0.0000  0.0000  ch3cl ppm
 mlsch3cl_aura        30   -2    0.0022  4.000  1.0000  100.00  0.0000  0.0000  ch3cl ppm
 mlsch3cl_aura        31   -2    0.0010  4.000  1.0000  100.00  0.0000  0.0000  ch3cl ppm
 mlsch3cl_aura        32   -2    4.6E-4  4.000  1.0000  100.00  0.0000  0.0000  ch3cl ppm
 mlsch3cl_aura        33   -2    2.2E-4  4.000  1.0000  100.00  0.0000  0.0000  ch3cl ppm
 mlsch3cl_aura        34   -2    1.0E-4  4.000  1.0000  100.00  0.0000  0.0000  ch3cl ppm
 mlsch3cl_aura        35   -2    4.6E-5  4.000  1.0000  100.00  0.0000  0.0000  ch3cl ppm
 mlsch3cl_aura        36   -2    2.2E-5  4.000  1.0000  100.00  0.0000  0.0000  ch3cl ppm
 mlsch3cl_aura        37   -2    1.0E-5  4.000  1.0000  100.00  0.0000  0.0000  ch3cl ppm
 mlsh2o_aura           1   -1    999.99  5.000  0.8000  10.000  0.0000  0.0000  h2o   ppm
 mlsh2o_aura           2   -1    999.99  5.000  0.8000  10.000  0.0000  0.0000  h2o   ppm
 mlsh2o_aura           3   -1    999.99  5.000  0.8000  10.000  0.0000  0.0000  h2o   ppm
 mlsh2o_aura           4   -1    999.99  5.000  0.8000  10.000  0.0000  0.0000  h2o   ppm
 mlsh2o_aura           5   -1    999.99  5.000  0.8000  10.000  0.0000  0.0000  h2o   ppm
 mlsh2o_aura           6   -1    999.99  5.000  0.8000  10.000  0.0000  0.0000  h2o   ppm
 mlsh2o_aura           7   -1    999.99  5.000  0.8000  10.000  0.0000  0.0000  h2o   ppm
 mlsh2o_aura           8    1    999.99  5.000  7.6480  10.000  0.0000  0.0000  h2o   ppm
 mlsh2o_aura           9    1    999.99  5.000  5.3980  10.000  0.0000  0.0000  h2o   ppm
 mlsh2o_aura          10    1    999.99  5.000  4.2790  10.000  0.0000  0.0000  h2o   ppm
 mlsh2o_aura          11    1    999.99  5.000  3.2020  10.000  0.0000  0.0000  h2o   ppm
 mlsh2o_aura          12    1    999.99  5.000  2.2760  10.000  0.0000  0.0000  h2o   ppm
 mlsh2o_aura          13    1    999.99  5.000  1.0260  10.000  0.0000  0.0000  h2o   ppm
 mlsh2o_aura          14    1    999.99  5.000  0.8200  10.000  0.0000  0.0000  h2o   ppm
 mlsh2o_aura          15    1    999.99  5.000  0.7190  10.000  0.0000  0.0000  h2o   ppm
 mlsh2o_aura          16    1    999.99  5.000  0.7310  10.000  0.0000  0.0000  h2o   ppm
 mlsh2o_aura          17    1    999.99  5.000  0.8170  10.000  0.0000  0.0000  h2o   ppm
 mlsh2o_aura          18    1    999.99  5.000  0.8050  10.000  0.0000  0.0000  h2o   ppm
 mlsh2o_aura          19    1    999.99  5.000  0.7520  10.000  0.0000  0.0000  h2o   ppm
 mlsh2o_aura          20    1    999.99  5.000  0.7110  10.000  0.0000  0.0000  h2o   ppm
 mlsh2o_aura          21    1    999.99  5.000  0.6770  10.000  0.0000  0.0000  h2o   ppm
 mlsh2o_aura          22    1    999.99  5.000  0.5380  10.000  0.0000  0.0000  h2o   ppm
 mlsh2o_aura          23    1    999.99  5.000  0.4540  10.000  0.0000  0.0000  h2o   ppm
 mlsh2o_aura          24    1    999.99  5.000  0.3850  10.000  0.0000  0.0000  h2o   ppm
 mlsh2o_aura          25    1    999.99  5.000  0.3960  10.000  0.0000  0.0000  h2o   ppm
 mlsh2o_aura          26    1    999.99  5.000  0.2430  10.000  0.0000  0.0000  h2o   ppm
 mlsh2o_aura          27    1    999.99  5.000  0.3160  10.000  0.0000  0.0000  h2o   ppm
 mlsh2o_aura          28    1    999.99  5.000  0.3660  10.000  0.0000  0.0000  h2o   ppm
 mlsh2o_aura          29    1    999.99  5.000  0.4360  10.000  0.0000  0.0000  h2o   ppm
 mlsh2o_aura          30    1    999.99  5.000  0.4270  10.000  0.0000  0.0000  h2o   ppm
 mlsh2o_aura          31    1    999.99  5.000  0.3940  10.000  0.0000  0.0000  h2o   ppm
 mlsh2o_aura          32    1    999.99  5.000  0.3710  10.000  0.0000  0.0000  h2o   ppm
 mlsh2o_aura          33    1    999.99  5.000  0.3740  10.000  0.0000  0.0000  h2o   ppm
 mlsh2o_aura          34    1    999.99  5.000  0.3700  10.000  0.0000  0.0000  h2o   ppm
 mlsh2o_aura          35    1    999.99  5.000  0.3700  10.000  0.0000  0.0000  h2o   ppm
 mlsh2o_aura          36    1    999.99  5.000  0.4180  10.000  0.0000  0.0000  h2o   ppm
 mlsh2o_aura          37    1    999.99  5.000  0.5170  10.000  0.0000  0.0000  h2o   ppm
 mlsh2o_aura          38    1    999.99  5.000  0.6810  10.000  0.0000  0.0000  h2o   ppm
 mlsh2o_aura          39    1    999.99  5.000  0.7290  10.000  0.0000  0.0000  h2o   ppm
 mlsh2o_aura          40    1    999.99  5.000  0.7270  10.000  0.0000  0.0000  h2o   ppm
 mlsh2o_aura          41    1    999.99  5.000  0.7050  10.000  0.0000  0.0000  h2o   ppm
 mlsh2o_aura          42    1    999.99  5.000  0.6940  10.000  0.0000  0.0000  h2o   ppm
 mlsh2o_aura          43    1    999.99  5.000  0.7370  10.000  0.0000  0.0000  h2o   ppm
 mlsh2o_aura          44    1    999.99  5.000  0.7280  10.000  0.0000  0.0000  h2o   ppm
 mlsh2o_aura          45    1    999.99  5.000  0.7420  10.000  0.0000  0.0000  h2o   ppm
 mlsh2o_aura          46    1    999.99  5.000  0.6880  10.000  0.0000  0.0000  h2o   ppm
 mlsh2o_aura          47    1    999.99  5.000  1.2080  10.000  0.0000  0.0000  h2o   ppm
 mlsh2o_aura          48   -1    999.99  5.000  0.8000  10.000  0.0000  0.0000  h2o   ppm
 mlsh2o_aura          49   -1    999.99  5.000  0.8000  10.000  0.0000  0.0000  h2o   ppm
 mlsh2o_aura          50   -1    999.99  5.000  0.8000  10.000  0.0000  0.0000  h2o   ppm
 mlsh2o_aura          51   -1    999.99  5.000  0.8000  10.000  0.0000  0.0000  h2o   ppm
 mlsh2o_aura          52   -1    999.99  5.000  0.8000  10.000  0.0000  0.0000  h2o   ppm
 mlsh2o_aura          53   -1    999.99  5.000  0.8000  10.000  0.0000  0.0000  h2o   ppm
 mlsh2o_aura          54   -1    999.99  5.000  0.8000  10.000  0.0000  0.0000  h2o   ppm
 mlsh2o_aura          55   -1    999.99  5.000  0.8000  10.000  0.0000  0.0000  h2o   ppm
 mlsn2o_aura           1   -1    999.99  5.000  0.8000  10.000  0.0000  0.0000  n2o   ppm
 mlsn2o_aura           2   -1    999.99  5.000  0.8000  10.000  0.0000  0.0000  n2o   ppm
 mlsn2o_aura           3   -1    999.99  5.000  0.8000  10.000  0.0000  0.0000  n2o   ppm
 mlsn2o_aura           4   -1    999.99  5.000  0.8000  10.000  0.0000  0.0000  n2o   ppm
 mlsn2o_aura           5   -1    999.99  5.000  0.8000  10.000  0.0000  0.0000  n2o   ppm
 mlsn2o_aura           6   -1    999.99  5.000  0.8000  10.000  0.0000  0.0000  n2o   ppm
 mlsn2o_aura           7   -1    999.99  5.000  0.8000  10.000  0.0000  0.0000  n2o   ppm
 mlsn2o_aura           8    1    999.99  5.000  0.2390  10.000  0.0000  0.0000  n2o   ppm
 mlsn2o_aura           9    1    999.99  5.000  0.4990  10.000  0.0000  0.0000  n2o   ppm
 mlsn2o_aura          10    1    999.99  5.000  0.6330  10.000  0.0000  0.0000  n2o   ppm
 mlsn2o_aura          11    1    999.99  5.000  0.7100  10.000  0.0000  0.0000  n2o   ppm
 mlsn2o_aura          12    1    999.99  5.000  0.7370  10.000  0.0000  0.0000  n2o   ppm
 mlsn2o_aura          13    1    999.99  5.000  0.7450  10.000  0.0000  0.0000  n2o   ppm
 mlsn2o_aura          14    1    999.99  5.000  0.7480  10.000  0.0000  0.0000  n2o   ppm
 mlsn2o_aura          15    1    999.99  5.000  0.7440  10.000  0.0000  0.0000  n2o   ppm
 mlsn2o_aura          16    1    999.99  5.000  0.7140  10.000  0.0000  0.0000  n2o   ppm
 mlsn2o_aura          17    1    999.99  5.000  0.7010  10.000  0.0000  0.0000  n2o   ppm
 mlsn2o_aura          18    1    999.99  5.000  0.6910  10.000  0.0000  0.0000  n2o   ppm
 mlsn2o_aura          19    1    999.99  5.000  0.7000  10.000  0.0000  0.0000  n2o   ppm
 mlsn2o_aura          20    1    999.99  5.000  0.6850  10.000  0.0000  0.0000  n2o   ppm
 mlsn2o_aura          21    1    999.99  5.000  5.0000  10.000  0.0000  0.0000  n2o   ppm
 mlsn2o_aura          22   -1    999.99  5.000  0.8000  10.000  0.0000  0.0000  n2o   ppm
 mlsn2o_aura          23   -1    999.99  5.000  0.8000  10.000  0.0000  0.0000  n2o   ppm
 mlsn2o_aura          24   -1    999.99  5.000  0.8000  10.000  0.0000  0.0000  n2o   ppm
 mlsn2o_aura          25   -1    999.99  5.000  0.8000  10.000  0.0000  0.0000  n2o   ppm
 mlsn2o_aura          26   -1    999.99  5.000  0.8000  10.000  0.0000  0.0000  n2o   ppm
 mlsn2o_aura          27   -1    999.99  5.000  0.8000  10.000  0.0000  0.0000  n2o   ppm
 mlsn2o_aura          28   -1    999.99  5.000  0.8000  10.000  0.0000  0.0000  n2o   ppm
 mlsn2o_aura          29   -1    999.99  5.000  0.8000  10.000  0.0000  0.0000  n2o   ppm
 mlsn2o_aura          30   -1    999.99  5.000  0.8000  10.000  0.0000  0.0000  n2o   ppm
 mlsn2o_aura          31   -1    999.99  5.000  0.8000  10.000  0.0000  0.0000  n2o   ppm
 mlsn2o_aura          32   -1    999.99  5.000  0.8000  10.000  0.0000  0.0000  n2o   ppm
 mlsn2o_aura          33   -1    999.99  5.000  0.8000  10.000  0.0000  0.0000  n2o   ppm
 mlsn2o_aura          34   -1    999.99  5.000  0.8000  10.000  0.0000  0.0000  n2o   ppm
 mlsn2o_aura          35   -1    999.99  5.000  0.8000  10.000  0.0000  0.0000  n2o   ppm
 mlsn2o_aura          36   -1    999.99  5.000  0.8000  10.000  0.0000  0.0000  n2o   ppm
 mlsn2o_aura          37   -1    999.99  5.000  0.8000  10.000  0.0000  0.0000  n2o   ppm
 mlshcl_aura           1   -1    999.99  5.000  0.6000  10.000  0.0000  0.0000  hcl   ppm
 mlshcl_aura           2   -1    999.99  5.000  0.6000  10.000  0.0000  0.0000  hcl   ppm
 mlshcl_aura           3   -1    999.99  5.000  0.6000  10.000  0.0000  0.0000  hcl   ppm
 mlshcl_aura           4   -1    999.99  5.000  0.6000  10.000  0.0000  0.0000  hcl   ppm
 mlshcl_aura           5   -1    999.99  5.000  0.6000  10.000  0.0000  0.0000  hcl   ppm
 mlshcl_aura           6   -1    999.99  5.000  0.6000  10.000  0.0000  0.0000  hcl   ppm
 mlshcl_aura           7    1    999.99  5.000  0.8340  10.000  0.0000  0.0000  hcl   ppm
 mlshcl_aura           8    1    999.99  5.000  0.9340  10.000  0.0000  0.0000  hcl   ppm
 mlshcl_aura           9    1    999.99  5.000  0.9810  10.000  0.0000  0.0000  hcl   ppm
 mlshcl_aura          10    1    999.99  5.000  1.0210  10.000  0.0000  0.0000  hcl   ppm
 mlshcl_aura          11    1    999.99  5.000  0.9300  10.000  0.0000  0.0000  hcl   ppm
 mlshcl_aura          12    1    999.99  5.000  0.7210  10.000  0.0000  0.0000  hcl   ppm
 mlshcl_aura          13    1    999.99  5.000  0.6220  10.000  0.0000  0.0000  hcl   ppm
 mlshcl_aura          14    1    999.99  5.000  0.6000  10.000  0.0000  0.0000  hcl   ppm
 mlshcl_aura          15    1    999.99  5.000  0.5320  10.000  0.0000  0.0000  hcl   ppm
 mlshcl_aura          16    1    999.99  5.000  0.4830  10.000  0.0000  0.0000  hcl   ppm
 mlshcl_aura          17    1    999.99  5.000  0.4430  10.000  0.0000  0.0000  hcl   ppm
 mlshcl_aura          18    1    999.99  5.000  0.4260  10.000  0.0000  0.0000  hcl   ppm
 mlshcl_aura          19    1    999.99  5.000  0.3720  10.000  0.0000  0.0000  hcl   ppm
 mlshcl_aura          20    1    999.99  5.000  0.3350  10.000  0.0000  0.0000  hcl   ppm
 mlshcl_aura          21    1    999.99  5.000  0.2920  10.000  0.0000  0.0000  hcl   ppm
 mlshcl_aura          22    1    999.99  5.000  0.3090  10.000  0.0000  0.0000  hcl   ppm
 mlshcl_aura          23   -1    999.99  5.000  0.6000  10.000  0.0000  0.0000  hcl   ppm
 mlshcl_aura          24   -1    999.99  5.000  0.6000  10.000  0.0000  0.0000  hcl   ppm
 mlshcl_aura          25   -1    999.99  5.000  0.6000  10.000  0.0000  0.0000  hcl   ppm
 mlshcl_aura          26   -1    999.99  5.000  0.6000  10.000  0.0000  0.0000  hcl   ppm
 mlshcl_aura          27   -1    999.99  5.000  0.6000  10.000  0.0000  0.0000  hcl   ppm
 mlshcl_aura          28   -1    999.99  5.000  0.6000  10.000  0.0000  0.0000  hcl   ppm
 mlshcl_aura          29   -1    999.99  5.000  0.6000  10.000  0.0000  0.0000  hcl   ppm
 mlshcl_aura          30   -1    999.99  5.000  0.6000  10.000  0.0000  0.0000  hcl   ppm
 mlshcl_aura          31   -1    999.99  5.000  0.6000  10.000  0.0000  0.0000  hcl   ppm
 mlshcl_aura          32   -1    999.99  5.000  0.6000  10.000  0.0000  0.0000  hcl   ppm
 mlshcl_aura          33   -1    999.99  5.000  0.6000  10.000  0.0000  0.0000  hcl   ppm
 mlshcl_aura          34   -1    999.99  5.000  0.6000  10.000  0.0000  0.0000  hcl   ppm
 mlshcl_aura          35   -1    999.99  5.000  0.6000  10.000  0.0000  0.0000  hcl   ppm
 mlshcl_aura          36   -1    999.99  5.000  0.6000  10.000  0.0000  0.0000  hcl   ppm
 mlshcl_aura          37   -1    999.99  5.000  0.6000  10.000  0.0000  0.0000  hcl   ppm
 mlshno3_aura          1   -1    999.99  5.000  0.8000  10.000  0.0000  0.0000  hno3  ppm
 mlshno3_aura          2   -1    999.99  5.000  0.8000  10.000  0.0000  0.0000  hno3  ppm
 mlshno3_aura          3   -1    999.99  5.000  0.8000  10.000  0.0000  0.0000  hno3  ppm
 mlshno3_aura          4   -1    999.99  5.000  0.8000  10.000  0.0000  0.0000  hno3  ppm
 mlshno3_aura          5    1    999.99  5.000  0.6130  10.000  0.0000  0.0000  hno3  ppm
 mlshno3_aura          6    1    999.99  5.000  0.7110  10.000  0.0000  0.0000  hno3  ppm
 mlshno3_aura          7    1    999.99  5.000  0.6160  10.000  0.0000  0.0000  hno3  ppm
 mlshno3_aura          8    1    999.99  5.000  0.6110  10.000  0.0000  0.0000  hno3  ppm
 mlshno3_aura          9    1    999.99  5.000  0.5830  10.000  0.0000  0.0000  hno3  ppm
 mlshno3_aura         10    1    999.99  5.000  0.4610  10.000  0.0000  0.0000  hno3  ppm
 mlshno3_aura         11    1    999.99  5.000  0.2910  10.000  0.0000  0.0000  hno3  ppm
 mlshno3_aura         12    1    999.99  5.000  0.4900  10.000  0.0000  0.0000  hno3  ppm
 mlshno3_aura         13    1    999.99  5.000  0.5720  10.000  0.0000  0.0000  hno3  ppm
 mlshno3_aura         14    1    999.99  5.000  0.6350  10.000  0.0000  0.0000  hno3  ppm
 mlshno3_aura         15    1    999.99  5.000  0.6530  10.000  0.0000  0.0000  hno3  ppm
 mlshno3_aura         16    1    999.99  5.000  0.6630  10.000  0.0000  0.0000  hno3  ppm
 mlshno3_aura         17    1    999.99  5.000  0.6790  10.000  0.0000  0.0000  hno3  ppm
 mlshno3_aura         18    1    999.99  5.000  0.6250  10.000  0.0000  0.0000  hno3  ppm
 mlshno3_aura         19   -1    999.99  5.000  0.8000  10.000  0.0000  0.0000  hno3  ppm
 mlshno3_aura         20   -1    999.99  5.000  0.8000  10.000  0.0000  0.0000  hno3  ppm
 mlshno3_aura         21   -1    999.99  5.000  0.8000  10.000  0.0000  0.0000  hno3  ppm
 mlshno3_aura         22   -1    999.99  5.000  0.8000  10.000  0.0000  0.0000  hno3  ppm
 mlshno3_aura         23   -1    999.99  5.000  0.8000  10.000  0.0000  0.0000  hno3  ppm
 mlshno3_aura         24   -1    999.99  5.000  0.8000  10.000  0.0000  0.0000  hno3  ppm
 mlshno3_aura         25   -1    999.99  5.000  0.8000  10.000  0.0000  0.0000  hno3  ppm
 mlshno3_aura         26   -1    999.99  5.000  0.8000  10.000  0.0000  0.0000  hno3  ppm
 mlshno3_aura         27   -1    999.99  5.000  0.8000  10.000  0.0000  0.0000  hno3  ppm
 mlshno3_aura         28   -1    999.99  5.000  0.8000  10.000  0.0000  0.0000  hno3  ppm
 mlshno3_aura         29   -1    999.99  5.000  0.8000  10.000  0.0000  0.0000  hno3  ppm
 mlshno3_aura         30   -1    999.99  5.000  0.8000  10.000  0.0000  0.0000  hno3  ppm
 mlshno3_aura         31   -1    999.99  5.000  0.8000  10.000  0.0000  0.0000  hno3  ppm
 mlshno3_aura         32   -1    999.99  5.000  0.8000  10.000  0.0000  0.0000  hno3  ppm
 mlshno3_aura         33   -1    999.99  5.000  0.8000  10.000  0.0000  0.0000  hno3  ppm
 mlshno3_aura         34   -1    999.99  5.000  0.8000  10.000  0.0000  0.0000  hno3  ppm
 mlshno3_aura         35   -1    999.99  5.000  0.8000  10.000  0.0000  0.0000  hno3  ppm
 mlshno3_aura         36   -1    999.99  5.000  0.8000  10.000  0.0000  0.0000  hno3  ppm
 mlshno3_aura         37   -1    999.99  5.000  0.8000  10.000  0.0000  0.0000  hno3  ppm
 sage3s_h2o_iss         1   1  932.9304  4.000  1.0000  100.00  0.0000  0.0000  h2o   mix
 sage3s_h2o_iss         2   1  870.3591  4.000  1.0000  100.00  0.0000  0.0000  h2o   mix
 sage3s_h2o_iss         3   1  811.9845  4.000  1.0000  100.00  0.0000  0.0000  h2o   mix
 sage3s_h2o_iss         4   1  757.5250  4.000  1.0000  100.00  0.0000  0.0000  h2o   mix
 sage3s_h2o_iss         5   1  706.7181  4.000  1.0000  100.00  0.0000  0.0000  h2o   mix
 sage3s_h2o_iss         6   1  659.3188  4.000  1.0000  100.00  0.0000  0.0000  h2o   mix
 sage3s_h2o_iss         7   1  615.0986  4.000  1.0000  100.00  0.0000  0.0000  h2o   mix
 sage3s_h2o_iss         8   1  573.8442  4.000  1.0000  100.00  0.0000  0.0000  h2o   mix
 sage3s_h2o_iss         9   1  535.3567  4.000  1.0000  100.00  0.0000  0.0000  h2o   mix
 sage3s_h2o_iss        10   1  499.4505  4.000  1.0000  100.00  0.0000  0.0000  h2o   mix
 sage3s_h2o_iss        11   1  465.9526  4.000  1.0000  100.00  0.0000  0.0000  h2o   mix
 sage3s_h2o_iss        12   1  434.7013  4.000  1.0000  100.00  0.0000  0.0000  h2o   mix
 sage3s_h2o_iss        13   1  405.5461  4.000  1.0000  100.00  0.0000  0.0000  h2o   mix
 sage3s_h2o_iss        14   1  378.3463  4.000  1.0000  100.00  0.0000  0.0000  h2o   mix
 sage3s_h2o_iss        15   1  352.9707  4.000  1.0000  100.00  0.0000  0.0000  h2o   mix
 sage3s_h2o_iss        16   1  329.2971  4.000  1.0000  100.00  0.0000  0.0000  h2o   mix
 sage3s_h2o_iss        17   1  307.2113  4.000  1.0000  100.00  0.0000  0.0000  h2o   mix
 sage3s_h2o_iss        18   1  286.6068  4.000  1.0000  100.00  0.0000  0.0000  h2o   mix
 sage3s_h2o_iss        19   1  267.3842  4.000  1.0000  100.00  0.0000  0.0000  h2o   mix
 sage3s_h2o_iss        20   1  249.4508  4.000  1.0000  100.00  0.0000  0.0000  h2o   mix
 sage3s_h2o_iss        21   1  232.7202  4.000  1.0000  100.00  0.0000  0.0000  h2o   mix
 sage3s_h2o_iss        22   1  217.1118  4.000  1.0000  100.00  0.0000  0.0000  h2o   mix
 sage3s_h2o_iss        23   1  202.5502  4.000  1.0000  100.00  0.0000  0.0000  h2o   mix
 sage3s_h2o_iss        24   1  188.9652  4.000  1.0000  100.00  0.0000  0.0000  h2o   mix
 sage3s_h2o_iss        25   1  176.2914  4.000  1.0000  100.00  0.0000  0.0000  h2o   mix
 sage3s_h2o_iss        26   1  164.4676  4.000  1.0000  100.00  0.0000  0.0000  h2o   mix
 sage3s_h2o_iss        27   1  153.4368  4.000  1.0000  100.00  0.0000  0.0000  h2o   mix
 sage3s_h2o_iss        28   1  143.1459  4.000  1.0000  100.00  0.0000  0.0000  h2o   mix
 sage3s_h2o_iss        29   1  133.5452  4.000  1.0000  100.00  0.0000  0.0000  h2o   mix
 sage3s_h2o_iss        30   1  124.5883  4.000  1.0000  100.00  0.0000  0.0000  h2o   mix
 sage3s_h2o_iss        31   1  116.2322  4.000  1.0000  100.00  0.0000  0.0000  h2o   mix
 sage3s_h2o_iss        32   1  108.4366  4.000  1.0000  100.00  0.0000  0.0000  h2o   mix
 sage3s_h2o_iss        33   1  101.1638  4.000  1.0000  100.00  0.0000  0.0000  h2o   mix
 sage3s_h2o_iss        34   1   94.3788  4.000  1.0000  100.00  0.0000  0.0000  h2o   mix
 sage3s_h2o_iss        35   1   88.0488  4.000  1.0000  100.00  0.0000  0.0000  h2o   mix
 sage3s_h2o_iss        36   1   82.1434  4.000  1.0000  100.00  0.0000  0.0000  h2o   mix
 sage3s_h2o_iss        37   1   76.6341  4.000  1.0000  100.00  0.0000  0.0000  h2o   mix
 sage3s_h2o_iss        38   1   71.4943  4.000  1.0000  100.00  0.0000  0.0000  h2o   mix
 sage3s_h2o_iss        39   1   66.6992  4.000  1.0000  100.00  0.0000  0.0000  h2o   mix
 sage3s_h2o_iss        40   1   62.2257  4.000  1.0000  100.00  0.0000  0.0000  h2o   mix
 sage3s_h2o_iss        41   1   58.0523  4.000  1.0000  100.00  0.0000  0.0000  h2o   mix
 sage3s_h2o_iss        42   1   54.1587  4.000  1.0000  100.00  0.0000  0.0000  h2o   mix
 sage3s_h2o_iss        43   1   50.5263  4.000  1.0000  100.00  0.0000  0.0000  h2o   mix
 sage3s_h2o_iss        44   1   47.1375  4.000  1.0000  100.00  0.0000  0.0000  h2o   mix
 sage3s_h2o_iss        45   1   43.9760  4.000  1.0000  100.00  0.0000  0.0000  h2o   mix
 sage3s_h2o_iss        46   1   41.0266  4.000  1.0000  100.00  0.0000  0.0000  h2o   mix
 sage3s_h2o_iss        47   1   38.2749  4.000  1.0000  100.00  0.0000  0.0000  h2o   mix
 sage3s_h2o_iss        48   1   35.7079  4.000  1.0000  100.00  0.0000  0.0000  h2o   mix
 sage3s_h2o_iss        49   1   33.3129  4.000  1.0000  100.00  0.0000  0.0000  h2o   mix
 sage3s_h2o_iss        50   1   31.0787  4.000  1.0000  100.00  0.0000  0.0000  h2o   mix
 sage3s_h2o_iss        51   1   28.9942  4.000  1.0000  100.00  0.0000  0.0000  h2o   mix
 sage3s_h2o_iss        52   1   27.0496  4.000  1.0000  100.00  0.0000  0.0000  h2o   mix
 sage3s_h2o_iss        53   1   25.2354  4.000  1.0000  100.00  0.0000  0.0000  h2o   mix
 sage3s_h2o_iss        54   1   23.5429  4.000  1.0000  100.00  0.0000  0.0000  h2o   mix
 sage3s_h2o_iss        55   1   21.9639  4.000  1.0000  100.00  0.0000  0.0000  h2o   mix
 sage3s_h2o_iss        56   1   20.4907  4.000  1.0000  100.00  0.0000  0.0000  h2o   mix
 sage3s_h2o_iss        57   1   19.1164  4.000  1.0000  100.00  0.0000  0.0000  h2o   mix
 sage3s_h2o_iss        58   1   17.8343  4.000  1.0000  100.00  0.0000  0.0000  h2o   mix
 sage3s_h2o_iss        59   1   16.6382  4.000  1.0000  100.00  0.0000  0.0000  h2o   mix
 sage3s_h2o_iss        60   1   15.5223  4.000  1.0000  100.00  0.0000  0.0000  h2o   mix
 sage3s_h2o_iss        61   1   14.4812  4.000  1.0000  100.00  0.0000  0.0000  h2o   mix
 sage3s_h2o_iss        62   1   13.5099  4.000  1.0000  100.00  0.0000  0.0000  h2o   mix
 sage3s_h2o_iss        63   1   12.6038  4.000  1.0000  100.00  0.0000  0.0000  h2o   mix
 sage3s_h2o_iss        64   1   11.7585  4.000  1.0000  100.00  0.0000  0.0000  h2o   mix
 sage3s_h2o_iss        65   1   10.9699  4.000  1.0000  100.00  0.0000  0.0000  h2o   mix
 sage3s_h2o_iss        66   1   10.2341  4.000  1.0000  100.00  0.0000  0.0000  h2o   mix
 sage3s_h2o_iss        67   1    9.5477  4.000  1.0000  100.00  0.0000  0.0000  h2o   mix
 sage3s_h2o_iss        68   1    8.9074  4.000  1.0000  100.00  0.0000  0.0000  h2o   mix
 sage3s_h2o_iss        69   1    8.3099  4.000  1.0000  100.00  0.0000  0.0000  h2o   mix
 sage3s_h2o_iss        70   1    7.7526  4.000  1.0000  100.00  0.0000  0.0000  h2o   mix
 sage3s_h2o_iss        71   1    7.2326  4.000  1.0000  100.00  0.0000  0.0000  h2o   mix
 sage3s_h2o_iss        72   1    6.7475  4.000  1.0000  100.00  0.0000  0.0000  h2o   mix
 sage3s_h2o_iss        73   1    6.2950  4.000  1.0000  100.00  0.0000  0.0000  h2o   mix
 sage3s_h2o_iss        74   1    5.8728  4.000  1.0000  100.00  0.0000  0.0000  h2o   mix
 sage3s_h2o_iss        75   1    5.4789  4.000  1.0000  100.00  0.0000  0.0000  h2o   mix
 sage3s_h2o_iss        76   1    5.1114  4.000  1.0000  100.00  0.0000  0.0000  h2o   mix
 sage3s_h2o_iss        77   1    4.7686  4.000  1.0000  100.00  0.0000  0.0000  h2o   mix
 sage3s_h2o_iss        78   1    4.4488  4.000  1.0000  100.00  0.0000  0.0000  h2o   mix
 sage3s_h2o_iss        79   1    4.1504  4.000  1.0000  100.00  0.0000  0.0000  h2o   mix
 sage3s_h2o_iss        80   1    3.8720  4.000  1.0000  100.00  0.0000  0.0000  h2o   mix
 sage3s_h2o_iss        81   1    3.6123  4.000  1.0000  100.00  0.0000  0.0000  h2o   mix
 sage3s_h2o_iss        82   1    3.3701  4.000  1.0000  100.00  0.0000  0.0000  h2o   mix
 sage3s_h2o_iss        83   1    3.1440  4.000  1.0000  100.00  0.0000  0.0000  h2o   mix
 sage3s_h2o_iss        84   1    2.9332  4.000  1.0000  100.00  0.0000  0.0000  h2o   mix
 sage3s_h2o_iss        85   1    2.7364  4.000  1.0000  100.00  0.0000  0.0000  h2o   mix
 sage3s_h2o_iss        86   1    2.5529  4.000  1.0000  100.00  0.0000  0.0000  h2o   mix
 sage3s_h2o_iss        87   1    2.3817  4.000  1.0000  100.00  0.0000  0.0000  h2o   mix
 sage3s_h2o_iss        88   1    2.2219  4.000  1.0000  100.00  0.0000  0.0000  h2o   mix
 sage3s_h2o_iss        89   1    2.0729  4.000  1.0000  100.00  0.0000  0.0000  h2o   mix
 sage3s_h2o_iss        90   1    1.9339  4.000  1.0000  100.00  0.0000  0.0000  h2o   mix
 sage3s_h2o_iss        91   1    1.8042  4.000  1.0000  100.00  0.0000  0.0000  h2o   mix
 sage3s_h2o_iss        92   1    1.6832  4.000  1.0000  100.00  0.0000  0.0000  h2o   mix
 sage3s_h2o_iss        93   1    1.5703  4.000  1.0000  100.00  0.0000  0.0000  h2o   mix
 sage3s_h2o_iss        94   1    1.4650  4.000  1.0000  100.00  0.0000  0.0000  h2o   mix
 sage3s_h2o_iss        95   1    1.3667  4.000  1.0000  100.00  0.0000  0.0000  h2o   mix
 sage3s_h2o_iss        96   1    1.2751  4.000  1.0000  100.00  0.0000  0.0000  h2o   mix
 sage3s_h2o_iss        97   1    1.1895  4.000  1.0000  100.00  0.0000  0.0000  h2o   mix
 sage3s_h2o_iss        98   1    1.1098  4.000  1.0000  100.00  0.0000  0.0000  h2o   mix
 sage3s_h2o_iss        99   1    1.0353  4.000  1.0000  100.00  0.0000  0.0000  h2o   mix
 sage3s_h2o_iss       100   1    0.9659  4.000  1.0000  100.00  0.0000  0.0000  h2o   mix
 sage3s_h2o_iss       101   1    0.9011  4.000  1.0000  100.00  0.0000  0.0000  h2o   mix
 sage3s_h2o_iss       102   1    0.8407  4.000  1.0000  100.00  0.0000  0.0000  h2o   mix
 sage3s_h2o_iss       103   1    0.7843  4.000  1.0000  100.00  0.0000  0.0000  h2o   mix
 sage3s_h2o_iss       104   1    0.7317  4.000  1.0000  100.00  0.0000  0.0000  h2o   mix
 sage3s_h2o_iss       105   1    0.6826  4.000  1.0000  100.00  0.0000  0.0000  h2o   mix
 sage3s_h2o_iss       106   1    0.6368  4.000  1.0000  100.00  0.0000  0.0000  h2o   mix
 sage3s_h2o_iss       107   1    0.5941  4.000  1.0000  100.00  0.0000  0.0000  h2o   mix
 sage3s_h2o_iss       108   1    0.5543  4.000  1.0000  100.00  0.0000  0.0000  h2o   mix
 sage3s_h2o_iss       109   1    0.5171  4.000  1.0000  100.00  0.0000  0.0000  h2o   mix
 sage3s_h2o_iss       110   1    0.4824  4.000  1.0000  100.00  0.0000  0.0000  h2o   mix
 sage3s_h2o_iss       111   1    0.4501  4.000  1.0000  100.00  0.0000  0.0000  h2o   mix
 sage3s_h2o_iss       112   1    0.4199  4.000  1.0000  100.00  0.0000  0.0000  h2o   mix
 sage3s_h2o_iss       113   1    0.3917  4.000  1.0000  100.00  0.0000  0.0000  h2o   mix
 sage3s_h2o_iss       114   1    0.3654  4.000  1.0000  100.00  0.0000  0.0000  h2o   mix
 sage3s_h2o_iss       115   1    0.3409  4.000  1.0000  100.00  0.0000  0.0000  h2o   mix
 sage3s_h2o_iss       116   1    0.3181  4.000  1.0000  100.00  0.0000  0.0000  h2o   mix
 sage3s_h2o_iss       117   1    0.2967  4.000  1.0000  100.00  0.0000  0.0000  h2o   mix
 sage3s_h2o_iss       118   1    0.2768  4.000  1.0000  100.00  0.0000  0.0000  h2o   mix
 sage3s_h2o_iss       119   1    0.2583  4.000  1.0000  100.00  0.0000  0.0000  h2o   mix
 sage3s_h2o_iss       120   1    0.2409  4.000  1.0000  100.00  0.0000  0.0000  h2o   mix
 sage3s_h2o_iss       121   1    0.2248  4.000  1.0000  100.00  0.0000  0.0000  h2o   mix
 sage3s_h2o_iss       122   1    0.2097  4.000  1.0000  100.00  0.0000  0.0000  h2o   mix
 sage3s_h2o_iss       123   1    0.1956  4.000  1.0000  100.00  0.0000  0.0000  h2o   mix
 sage3s_h2o_iss       124   1    0.1825  4.000  1.0000  100.00  0.0000  0.0000  h2o   mix
 sage3s_h2o_iss       125   1    0.1703  4.000  1.0000  100.00  0.0000  0.0000  h2o   mix
 sage3s_h2o_iss       126   1    0.1589  4.000  1.0000  100.00  0.0000  0.0000  h2o   mix
 sage3s_h2o_iss       127   1    0.1482  4.000  1.0000  100.00  0.0000  0.0000  h2o   mix
 sage3s_h2o_iss       128   1    0.1383  4.000  1.0000  100.00  0.0000  0.0000  h2o   mix
 sage3s_h2o_iss       129   1    0.1290  4.000  1.0000  100.00  0.0000  0.0000  h2o   mix
 sage3s_h2o_iss       130   1    0.1203  4.000  1.0000  100.00  0.0000  0.0000  h2o   mix
 sage3s_h2o_iss       131   1    0.1123  4.000  1.0000  100.00  0.0000  0.0000  h2o   mix
 sage3s_h2o_iss       132   1    0.1047  4.000  1.0000  100.00  0.0000  0.0000  h2o   mix
 sage3s_h2o_iss       133   1    0.0977  4.000  1.0000  100.00  0.0000  0.0000  h2o   mix
 sage3s_h2o_iss       134   1    0.0912  4.000  1.0000  100.00  0.0000  0.0000  h2o   mix
 sage3s_h2o_iss       135   1    0.0850  4.000  1.0000  100.00  0.0000  0.0000  h2o   mix
 sage3s_h2o_iss       136   1    0.0793  4.000  1.0000  100.00  0.0000  0.0000  h2o   mix
 sage3s_h2o_iss       137   1    0.0740  4.000  1.0000  100.00  0.0000  0.0000  h2o   mix
 sage3s_h2o_iss       138   1    0.0691  4.000  1.0000  100.00  0.0000  0.0000  h2o   mix
 sage3s_h2o_iss       139   1    0.0644  4.000  1.0000  100.00  0.0000  0.0000  h2o   mix
 sage3s_h2o_iss       140   1    0.0601  4.000  1.0000  100.00  0.0000  0.0000  h2o   mix
 sage3s_h2o_iss       141   1    0.0561  4.000  1.0000  100.00  0.0000  0.0000  h2o   mix
 sage3s_h2o_iss       142   1    0.0523  4.000  1.0000  100.00  0.0000  0.0000  h2o   mix
 sage3s_h2o_iss       143   1    0.0488  4.000  1.0000  100.00  0.0000  0.0000  h2o   mix
 sage3s_h2o_iss       144   1    0.0455  4.000  1.0000  100.00  0.0000  0.0000  h2o   mix
 sage3s_h2o_iss       145   1    0.0425  4.000  1.0000  100.00  0.0000  0.0000  h2o   mix
 sage3s_h2o_iss       146   1    0.0396  4.000  1.0000  100.00  0.0000  0.0000  h2o   mix
 sage3s_h2o_iss       147   1    0.0370  4.000  1.0000  100.00  0.0000  0.0000  h2o   mix
 sage3s_h2o_iss       148   1    0.0345  4.000  1.0000  100.00  0.0000  0.0000  h2o   mix
 sage3s_h2o_iss       149   1    0.0322  4.000  1.0000  100.00  0.0000  0.0000  h2o   mix
 sage3s_h2o_iss       150   1    0.0300  4.000  1.0000  100.00  0.0000  0.0000  h2o   mix
 sage3s_h2o_iss       151   1    0.0280  4.000  1.0000  100.00  0.0000  0.0000  h2o   mix
 sage3s_h2o_iss       152   1    0.0261  4.000  1.0000  100.00  0.0000  0.0000  h2o   mix
 sage3s_h2o_iss       153   1    0.0244  4.000  1.0000  100.00  0.0000  0.0000  h2o   mix
 sage3s_h2o_iss       154   1    0.0227  4.000  1.0000  100.00  0.0000  0.0000  h2o   mix
 sage3s_h2o_iss       155   1    0.0212  4.000  1.0000  100.00  0.0000  0.0000  h2o   mix
 sage3s_h2o_iss       156   1    0.0198  4.000  1.0000  100.00  0.0000  0.0000  h2o   mix
 sage3s_h2o_iss       157   1    0.0185  4.000  1.0000  100.00  0.0000  0.0000  h2o   mix
 sage3s_h2o_iss       158   1    0.0172  4.000  1.0000  100.00  0.0000  0.0000  h2o   mix
 sage3s_h2o_iss       159   1    0.0161  4.000  1.0000  100.00  0.0000  0.0000  h2o   mix
 omso2_aura            1    1    1000.0  250.0  1.0000  100.00  0.0000  0.0000  so2g  mix
 omno2_aura            1    1    1000.0  250.0  1.0000  100.00  0.0000  0.0000  no2   mix
 omi_minds_no2         1    1    1000.0  250.0  1.0000  100.00  0.0000  0.0000  no2   mix
 tropmi_minds_no2      1    1    1000.0  250.0  1.0000  100.00  0.0000  0.0000  no2   mix
 gome_minds_no2        1    1    1000.0  250.0  1.0000  100.00  0.0000  0.0000  no2   mix
!sage2s_h2o             1   1 1000.0000  4.000  1.0000  100.00  0.0000  0.0000  h2o   mix
!sage2s_h2o             2   1  869.7490  4.000  1.0000  100.00  0.0000  0.0000  h2o   mix
!sage2s_h2o             3   1  756.4633  4.000  1.0000  100.00  0.0000  0.0000  h2o   mix
!sage2s_h2o             4   1  657.9332  4.000  1.0000  100.00  0.0000  0.0000  h2o   mix
!sage2s_h2o             5   1  572.2368  4.000  1.0000  100.00  0.0000  0.0000  h2o   mix
!sage2s_h2o             6   1  497.7024  4.000  1.0000  100.00  0.0000  0.0000  h2o   mix
!sage2s_h2o             7   1  432.8761  4.000  1.0000  100.00  0.0000  0.0000  h2o   mix
!sage2s_h2o             8   1  376.4936  4.000  1.0000  100.00  0.0000  0.0000  h2o   mix
!sage2s_h2o             9   1  327.4549  4.000  1.0000  100.00  0.0000  0.0000  h2o   mix
!sage2s_h2o            10   1  284.8036  4.000  1.0000  100.00  0.0000  0.0000  h2o   mix
!sage2s_h2o            11   1  247.7076  4.000  1.0000  100.00  0.0000  0.0000  h2o   mix
!sage2s_h2o            12   1  215.4435  4.000  1.0000  100.00  0.0000  0.0000  h2o   mix
!sage2s_h2o            13   1  187.3817  4.000  1.0000  100.00  0.0000  0.0000  h2o   mix
!sage2s_h2o            14   1  162.9751  4.000  1.0000  100.00  0.0000  0.0000  h2o   mix
!sage2s_h2o            15   1  141.7474  4.000  1.0000  100.00  0.0000  0.0000  h2o   mix
!sage2s_h2o            16   1  123.2847  4.000  1.0000  100.00  0.0000  0.0000  h2o   mix
!sage2s_h2o            17   1  107.2267  4.000  1.0000  100.00  0.0000  0.0000  h2o   mix
!sage2s_h2o            18   1   93.2603  4.000  1.0000  100.00  0.0000  0.0000  h2o   mix
!sage2s_h2o            19   1   81.1131  4.000  1.0000  100.00  0.0000  0.0000  h2o   mix
!sage2s_h2o            20   1   70.5480  4.000  1.0000  100.00  0.0000  0.0000  h2o   mix
!sage2s_h2o            21   1   61.3591  4.000  1.0000  100.00  0.0000  0.0000  h2o   mix
!sage2s_h2o            22   1   53.3670  4.000  1.0000  100.00  0.0000  0.0000  h2o   mix
!sage2s_h2o            23   1   46.4159  4.000  1.0000  100.00  0.0000  0.0000  h2o   mix
!sage2s_h2o            24   1   40.3702  4.000  1.0000  100.00  0.0000  0.0000  h2o   mix
!sage2s_h2o            25   1   35.1119  4.000  1.0000  100.00  0.0000  0.0000  h2o   mix
!sage2s_h2o            26   1   30.5386  4.000  1.0000  100.00  0.0000  0.0000  h2o   mix
!sage2s_h2o            27   1   26.5609  4.000  1.0000  100.00  0.0000  0.0000  h2o   mix
!sage2s_h2o            28   1   23.1013  4.000  1.0000  100.00  0.0000  0.0000  h2o   mix
!sage2s_h2o            29   1   20.0923  4.000  1.0000  100.00  0.0000  0.0000  h2o   mix
!sage2s_h2o            30   1   17.4753  4.000  1.0000  100.00  0.0000  0.0000  h2o   mix
!sage2s_h2o            31   1   15.1991  4.000  1.0000  100.00  0.0000  0.0000  h2o   mix
!sage2s_h2o            32   1   13.2194  4.000  1.0000  100.00  0.0000  0.0000  h2o   mix
!sage2s_h2o            33   1   11.4976  4.000  1.0000  100.00  0.0000  0.0000  h2o   mix
!sage2s_h2o            34   1   10.0000  4.000  1.0000  100.00  0.0000  0.0000  h2o   mix
!sage2s_h2o            35   1    8.6975  4.000  1.0000  100.00  0.0000  0.0000  h2o   mix
!sage2s_h2o            36   1    7.5646  4.000  1.0000  100.00  0.0000  0.0000  h2o   mix
!sage2s_h2o            37   1    6.5793  4.000  1.0000  100.00  0.0000  0.0000  h2o   mix
!sage2s_h2o            38   1    5.7224  4.000  1.0000  100.00  0.0000  0.0000  h2o   mix
!sage2s_h2o            39   1    4.9770  4.000  1.0000  100.00  0.0000  0.0000  h2o   mix
!sage2s_h2o            40   1    4.3288  4.000  1.0000  100.00  0.0000  0.0000  h2o   mix
!sage2s_h2o            41   1    3.7649  4.000  1.0000  100.00  0.0000  0.0000  h2o   mix
!sage2s_h2o            42   1    3.2745  4.000  1.0000  100.00  0.0000  0.0000  h2o   mix
!sage2s_h2o            43   1    2.8480  4.000  1.0000  100.00  0.0000  0.0000  h2o   mix
!sage2s_h2o            44   1    2.4771  4.000  1.0000  100.00  0.0000  0.0000  h2o   mix
!sage2s_h2o            45   1    2.1544  4.000  1.0000  100.00  0.0000  0.0000  h2o   mix
!sage2s_h2o            46   1    1.8738  4.000  1.0000  100.00  0.0000  0.0000  h2o   mix
!sage2s_h2o            47   1    1.6298  4.000  1.0000  100.00  0.0000  0.0000  h2o   mix
!sage2s_h2o            48   1    1.4175  4.000  1.0000  100.00  0.0000  0.0000  h2o   mix
!sage2s_h2o            49   1    1.2328  4.000  1.0000  100.00  0.0000  0.0000  h2o   mix
!sage2s_h2o            50   1    1.0723  4.000  1.0000  100.00  0.0000  0.0000  h2o   mix
!sage2s_h2o            51   1    0.9326  4.000  1.0000  100.00  0.0000  0.0000  h2o   mix
!sage2s_h2o            52   1    0.8111  4.000  1.0000  100.00  0.0000  0.0000  h2o   mix
!sage2s_h2o            53   1    0.7055  4.000  1.0000  100.00  0.0000  0.0000  h2o   mix
!sage2s_h2o            54   1    0.6136  4.000  1.0000  100.00  0.0000  0.0000  h2o   mix
!sage2s_h2o            55   1    0.5337  4.000  1.0000  100.00  0.0000  0.0000  h2o   mix
!sage2s_h2o            56   1    0.4642  4.000  1.0000  100.00  0.0000  0.0000  h2o   mix
!sage2s_h2o            57   1    0.4037  4.000  1.0000  100.00  0.0000  0.0000  h2o   mix
!sage2s_h2o            58   1    0.3511  4.000  1.0000  100.00  0.0000  0.0000  h2o   mix
!sage2s_h2o            59   1    0.3054  4.000  1.0000  100.00  0.0000  0.0000  h2o   mix
!sage2s_h2o            60   1    0.2656  4.000  1.0000  100.00  0.0000  0.0000  h2o   mix
!sage2s_h2o            61   1    0.2310  4.000  1.0000  100.00  0.0000  0.0000  h2o   mix
!sage2s_h2o            62   1    0.2009  4.000  1.0000  100.00  0.0000  0.0000  h2o   mix
!sage2s_h2o            63   1    0.1748  4.000  1.0000  100.00  0.0000  0.0000  h2o   mix
!sage2s_h2o            64   1    0.1520  4.000  1.0000  100.00  0.0000  0.0000  h2o   mix
!sage2s_h2o            65   1    0.1322  4.000  1.0000  100.00  0.0000  0.0000  h2o   mix
!sage2s_h2o            66   1    0.1150  4.000  1.0000  100.00  0.0000  0.0000  h2o   mix
!sage2s_h2o            67   1    0.1000  4.000  1.0000  100.00  0.0000  0.0000  h2o   mix
!sage2s_h2o            68   1    0.0870  4.000  1.0000  100.00  0.0000  0.0000  h2o   mix
!sage2s_h2o            69   1    0.0756  4.000  1.0000  100.00  0.0000  0.0000  h2o   mix
!sage2s_h2o            70   1    0.0658  4.000  1.0000  100.00  0.0000  0.0000  h2o   mix
!sage2s_h2o            71   1    0.0572  4.000  1.0000  100.00  0.0000  0.0000  h2o   mix
!sage2s_h2o            72   1    0.0498  4.000  1.0000  100.00  0.0000  0.0000  h2o   mix
!sage2s_h2o            73   1    0.0433  4.000  1.0000  100.00  0.0000  0.0000  h2o   mix
!sage2s_h2o            74   1    0.0376  4.000  1.0000  100.00  0.0000  0.0000  h2o   mix
!sage2s_h2o            75   1    0.0327  4.000  1.0000  100.00  0.0000  0.0000  h2o   mix
!sage2s_h2o            76   1    0.0285  4.000  1.0000  100.00  0.0000  0.0000  h2o   mix
!sage2s_h2o            77   1    0.0248  4.000  1.0000  100.00  0.0000  0.0000  h2o   mix
!sage2s_h2o            78   1    0.0215  4.000  1.0000  100.00  0.0000  0.0000  h2o   mix
!sage2s_h2o            79   1    0.0187  4.000  1.0000  100.00  0.0000  0.0000  h2o   mix
!sage2s_h2o            80   1    0.0163  4.000  1.0000  100.00  0.0000  0.0000  h2o   mix
!sage2s_h2o            81   1    0.0142  4.000  1.0000  100.00  0.0000  0.0000  h2o   mix
!sage2s_h2o            82   1    0.0123  4.000  1.0000  100.00  0.0000  0.0000  h2o   mix
!sage2s_h2o            83   1    0.0107  4.000  1.0000  100.00  0.0000  0.0000  h2o   mix
!sage2s_h2o            84   1    0.0093  4.000  1.0000  100.00  0.0000  0.0000  h2o   mix
!sage2s_h2o            85   1    0.0081  4.000  1.0000  100.00  0.0000  0.0000  h2o   mix
!sage2s_h2o            86   1    0.0071  4.000  1.0000  100.00  0.0000  0.0000  h2o   mix
!sage2s_h2o            87   1    0.0061  4.000  1.0000  100.00  0.0000  0.0000  h2o   mix
!sage2s_h2o            88   1    0.0053  4.000  1.0000  100.00  0.0000  0.0000  h2o   mix
!sage2s_h2o            89   1    0.0046  4.000  1.0000  100.00  0.0000  0.0000  h2o   mix
!sage2s_h2o            90   1    0.0040  4.000  1.0000  100.00  0.0000  0.0000  h2o   mix
!sage2s_h2o            91   1    0.0035  4.000  1.0000  100.00  0.0000  0.0000  h2o   mix
!sage2s_h2o            92   1    0.0031  4.000  1.0000  100.00  0.0000  0.0000  h2o   mix
!sage2s_h2o            93   1    0.0027  4.000  1.0000  100.00  0.0000  0.0000  h2o   mix
!sage2s_h2o            94   1    0.0023  4.000  1.0000  100.00  0.0000  0.0000  h2o   mix
!sage2s_h2o            95   1    0.0020  4.000  1.0000  100.00  0.0000  0.0000  h2o   mix
!sage2s_h2o            96   1    0.0017  4.000  1.0000  100.00  0.0000  0.0000  h2o   mix
!sage2s_h2o            97   1    0.0015  4.000  1.0000  100.00  0.0000  0.0000  h2o   mix
!sage2s_h2o            98   1    0.0013  4.000  1.0000  100.00  0.0000  0.0000  h2o   mix
!sage2s_h2o            99   1    0.0011  4.000  1.0000  100.00  0.0000  0.0000  h2o   mix
!sage2s_h2o           100   1    0.0010  4.000  1.0000  100.00  0.0000  0.0000  h2o   mix
